1.9089954325094
3.5177399976936
3.7225277690382
3.3610646297316
3.1441671455956
3.026792845823
3.4878338197945
4.8302238398544
4.2108587472736
3.787637056033
3.8740718511616
3.613183632448
2.243681877457
4.8646019210696
4.2167184002909
4.0323766953463
3.8154190825529
3.606422865638
3.6056288972498
4.3702073221587
4.3592794993289
4.2832103594755
4.1115467084031
3.7696185722047
3.7063372470729
4.9566785296414
4.522192514085
4.0735823060086
4.1669968715651
3.8182237590504
3.2247492869245
4.1462060494453
4.5405265701338
4.061809538847
3.6649301644923
3.6817522087685
2.9025276963888
3.8035372335004
0.34095273232605
3.7002216286421
3.6948148790318
3.3646319902893
3.6612801508325
4.6905647692385
0.31005875652008
2.5324670814523
4.1138357822117
2.9130210214564
3.0915847812886
4.1430158148593
4.0107124019276
3.9344467108606
3.9808703721931
3.449339932733
