2.719921244341
3.4374126597358
3.0442858782434
2.9848375467892
2.315368264916
2.2092221645251
3.5974090834823
3.9751523202149
3.575891111573
3.1904195924123
3.5564203913102
2.8127989453934
3.6359036498419
3.3048370852482
3.0502966300193
0.21170795663877
2.4621470548375
2.6268355268704
3.4252651008762
4.1622557219462
2.2169652863822
2.9472585367953
2.861588857539
3.2024230215435
2.9873716840873
4.6012670282569
2.9794990703225
2.7937814718147
2.9279965574958
3.418141627042
2.6813545876604
4.6492824993364
3.1898232824448
2.4728519405763
2.6675823728493
2.5447349075528
3.2497928057496
4.4474032103331
4.2542529238818
2.8618578885645
3.0833463953726
3.0017686799139
3.3038975238618
3.684649789684
3.5283824049833
3.3459819348368
3.0363615100906
2.321086708436
2.3645540370763
3.5351279332854
2.349791820768
3.2791958863143
2.2640739741117
2.8911007708806
2.4349584556117
3.1383237345421
3.431237074768
2.9086831548653
3.2541900070941
2.567037244455
2.6759551899765
4.7496894313915
3.7995830948242
3.2984453589911
3.0194727465084
2.6301393028182
2.9577352870038
4.419331797016
4.1262809637679
3.547065527285
3.6623349817601
3.1470654487962
2.7576387614052
3.3089471873782
3.432081146765
3.0177166559712
3.0548269671957
2.6979523217642
2.6345060116558
3.7710774072661
3.5145400837721
3.2599735426367
3.5325500932271
3.1864337347369
3.1782033395254
4.219840644857
3.9989053488571
3.6332732337488
3.5336159904953
3.5204954204508
3.2619338897718
4.0092680723565
3.7576963190132
3.262638667847
3.3489895637479
3.0977801399136
2.6430780025249
3.604642181778
3.5518435830204
3.8897755216595
3.7830743115683
3.2011270054475
2.1837704380279
4.4427204301993
3.9858754685723
3.2606241926685
4.3035622736529
3.0410135070975
