1.1687318757137
0.51967051098056
0.33463782331861
0.29276146121944
0.26402656440978
0.28785477907359
1.8740795213165
0.37217456804121
0.3385669706771
0.29910650132721
0.30814131303206
0.29496471342046
1.7493152417959
0.3719226532619
0.32585519675515
0.30607445155602
0.28626533324486
0.24943878908556
1.6743122694023
0.37671246246471
0.3512723440537
0.29856800015028
0.29838893038808
0.29409605576715
1.8157721636414
0.37534265208598
0.33186321942278
0.30006646197872
0.29871802942372
0.29993622466969
1.8482107275584
0.37715734732109
0.32982875416668
0.2924428003401
0.2975574718986
0.29650368040153
1.771251554296
0.38204245215707
0.33803299402042
0.30889871669766
0.29194719639133
0.29074587285893
1.4748565302077
0.37692536428186
0.32541207276113
0.29636342831347
0.28545599151543
0.29364251230277
1.6295961011076
0.37745527630151
0.33463151957715
0.32226142038809
0.29668807215067
0.29514633004524
2.4786001461129
1.8934139834034
1.1060380711055
0.9764249678831
0.96680037301783
0.94160601665644
2.9625446363062
1.2201519239111
1.0960579138113
0.99913907019474
0.99775044613654
0.94635764711086
3.1861366169001
1.1831518695563
1.1560129112496
1.0922869485578
0.82485367081742
1.0012131392326
2.7267947113863
1.5608244689145
1.1340223981983
0.96317337731605
0.9499985030305
0.80807331513933
2.8656633290198
1.1877618757877
1.0757228109982
1.0079611887403
0.99939039735362
0.98134877604593
2.7439730214546
1.2203928869459
1.1081484411926
1.0468692108112
0.83303391875516
1.0002095217851
3.1123114460756
1.2209052495341
1.1304421721353
1.0221804240603
1.0109522792272
0.99104878775332
3.0078011020208
1.1899464517293
1.1024405914464
0.810437903737
0.99834689788993
0.96358937917785
3.4221553543345
1.2193380086976
1.121851609419
1.0483886990968
0.99925496335953
1.000513156839
2.659035811896
3.3260263447729
1.9514510470162
2.3448119014835
1.4672809111051
1.4640589430361
3.4682451564267
3.7268548499512
2.7032396440683
1.4981195827769
1.9068717232797
1.4334498074034
3.553800552152
3.8831109038179
2.4812307692308
1.9382113292887
1.4743143938567
1.7894233715998
3.4987878400426
3.7497414046332
1.7377192534232
1.6800874775708
1.8853718689055
1.8356028713009
3.6031484248866
3.7691256833329
1.6953853339826
1.9843190192462
1.8303579586583
1.4866854364816
3.4230021448974
3.6206303324354
2.6682611896956
1.8621514436121
1.5675499331548
1.6637712188678
3.0559379933178
3.817343768814
1.7915273816247
2.1209016802739
1.5376667371973
1.9350026841634
3.4852741296288
3.423822097154
3.0182867597777
2.0295209118365
1.9306908570997
1.8650824545801
3.6176259865388
3.1386212647078
2.9688702971949
1.6069104144052
1.9676439561336
1.4865115253381
2.6383384371064
3.4573624217131
2.616901297263
3.4373264955652
2.362919053776
2.304523787689
3.3944497396926
4.0786011168782
2.9056559231279
2.4348577921229
2.6367125391028
2.2593745063801
2.3897798904263
4.6193866035741
2.8379644708269
2.4104572152837
3.2367522055949
3.0114108766932
2.8562714329626
3.6569550689834
3.1182159055804
2.5095061389901
2.917674229563
2.1376326900857
3.101108161546
3.6505183138137
2.6715194012607
2.768484947825
2.3643980988373
2.3040853636711
3.3805992642452
4.4972630375631
2.3754182561978
3.3481388812368
2.8541399843501
2.3445476130008
3.2382010754537
4.3012819434453
0.050249416476285
3.4946991617884
2.348751216666
2.3275644345195
3.17545080853
3.8160080988728
2.7168801143236
2.5143151265744
2.4493769185724
2.4922544716256
3.659123055351
4.0820227783281
2.5880735568946
0.094155177855034
2.342929382845
3.0234097369785
2.7002431209156
3.4716982188048
2.8753528218583
2.7139252808747
2.6660778818995
2.6141872468933
3.4727688831917
4.6156835004647
2.7814631771313
2.8282070316293
3.7295620546482
2.5926003357075
3.3451982324616
4.3355926932415
3.6558426246997
2.8036314760348
2.7557576184749
2.5348911200501
3.1526711314739
4.3746141968949
3.0522055912714
4.1404226837798
2.7694549759664
2.597058256111
3.6628476109497
4.7120632028008
3.0318810467543
2.740097389961
2.731102043377
2.9869670660334
3.1784699579712
4.0836507928502
3.9275125048777
2.8514491430963
2.7788853823539
3.3253796726639
2.7975705304939
3.6951890070914
2.9169305249784
2.4619252019735
2.6541684402989
2.6432101010636
3.5729345238353
4.5020740964499
4.5336604239611
2.959673478113
2.7718515252995
2.5902200954099
3.0808122510142
4.076948919692
2.9209049826591
3.1816665141041
2.7540828551574
2.8143222528048
