16	1	1	1	3	40	0.00081571621623466

  b: 16
  rn: 1
  gflops: 0.90384374532026
  f: 40
  v: 1
  rm: 1
  k: 3
16	1	1	2	3	40	0.00069145169751397

  b: 16
  rn: 1
  gflops: 1.0662783859679
  f: 40
  v: 2
  rm: 1
  k: 3
16	1	1	4	3	40	0.00076892275463119
16	1	1	8	3	40	0.00073823541732732
16	1	2	1	3	40	0.00071378280259536
16	1	2	2	3	40	0.00071849105178669
16	1	2	4	3	40	0.00072585546583045
16	1	2	8	3	40	0.00064936396363494

  b: 16
  rn: 2
  gflops: 1.1353879200086
  f: 40
  v: 8
  rm: 1
  k: 3
16	1	4	1	3	40	0.0006845428675108
16	1	4	2	3	40	0.0007359595859752
16	1	4	4	3	40	0.00071456432342529
16	1	4	8	3	40	0.00083827972412109
16	2	1	1	3	40	0.00081187414254254
16	2	1	2	3	40	0.00072595606679502
16	2	1	4	3	40	0.00071109186672995
16	2	1	8	3	40	0.00079639279653156
16	2	2	1	3	40	0.00082746714599862
16	2	2	2	3	40	0.00072464821995168
16	2	2	4	3	40	0.00072113987353208
16	2	2	8	3	40	0.00071347311298194
16	2	4	1	3	40	0.00074553489685059
16	2	4	2	3	40	0.0007123302310387
16	2	4	4	3	40	0.00078861356720211
16	2	4	8	3	40	0.00079094091422944
16	4	1	1	3	40	0.00074311892191569
16	4	1	2	3	40	0.00069712512584513
16	4	1	4	3	40	0.00070549988410842
16	4	1	8	3	40	0.0007095531368932
16	4	2	1	3	40	0.00079716724228574
16	4	2	2	3	40	0.00077771308810212
16	4	2	4	3	40	0.00080094051361084
16	4	2	8	3	40	0.00071585008076259
16	4	4	1	3	40	0.00070441188946576
16	4	4	2	3	40	0.00076195405010035
16	4	4	4	3	40	0.00071092193008315
16	4	4	8	3	40	0.00071467623591847
20	1	1	1	3	40	0.00047694047292074
20	1	1	2	3	40	0.0005360669630734
20	1	1	4	3	40	0.00050287929611589
20	1	1	8	3	40	0.00049530456561853
20	1	2	1	3	40	0.00040044021606445
20	1	2	2	3	40	0.00052667667991237
20	1	2	4	3	40	0.00052721876847117
20	1	2	8	3	40	0.00050883244741992
20	1	4	1	3	40	0.00053899711178195
20	1	4	2	3	40	0.00052879164904592
20	1	4	4	3	40	0.00055069779301738
20	1	4	8	3	40	0.00052857776430477
20	2	1	1	3	40	0.0005018669262267
20	2	1	2	3	40	0.00050515658927686
20	2	1	4	3	40	0.00053222128685485
20	2	1	8	3	40	0.00053608800000685
20	2	2	1	3	40	0.00051933125510735
20	2	2	2	3	40	0.00053218894816459
20	2	2	4	3	40	0.00052748918533325
20	2	2	8	3	40	0.00052398412015426
20	2	4	1	3	40	0.00052921671085257
20	2	4	2	3	40	0.00054352587154564
20	2	4	4	3	40	0.00050891082705432
20	2	4	8	3	40	0.0005310188870215
20	4	1	1	3	40	0.00051358174055051
20	4	1	2	3	40	0.00054894277494248
20	4	1	4	3	40	0.000537323887802
20	4	1	8	3	40	0.00053581005749218
20	4	2	1	3	40	0.00052014821535581
20	4	2	2	3	40	0.00053020381422901
20	4	2	4	3	40	0.00056648591143937
20	4	2	8	3	40	0.00050566172358966
20	4	4	1	3	40	0.00050096988677979
20	4	4	2	3	40	0.00055378444945615
20	4	4	4	3	40	0.00051666473604969
20	4	4	8	3	40	0.00054281836925806
32	1	1	1	3	40	0.0011383362791755
32	1	1	2	3	40	0.0011863609742836
32	1	1	4	3	40	0.0012324602326001
32	1	1	8	3	40	0.0011853085467096
32	1	2	1	3	40	0.0011528798903542
32	1	2	2	3	40	0.0011622657665628
32	1	2	4	3	40	0.0010891906593157
32	1	2	8	3	40	0.0011604342157441
32	1	4	1	3	40	0.0011498448492467
32	1	4	2	3	40	0.0011275002125944
32	1	4	4	3	40	0.0011711985047101
32	1	4	8	3	40	0.0012329941146944
32	2	1	1	3	40	0.0011438914707729
32	2	1	2	3	40	0.0011632483818628
32	2	1	4	3	40	0.001150096970043
32	2	1	8	3	40	0.00112674209509
32	2	2	1	3	40	0.0011686557947203
32	2	2	2	3	40	0.0011444868360247
32	2	2	4	3	40	0.0011478573935372
32	2	2	8	3	40	0.0011443260737828
32	2	4	1	3	40	0.001174309100324
32	2	4	2	3	40	0.0011911009039198
32	2	4	4	3	40	0.0012383269674984
32	2	4	8	3	40	0.0011544666071048
32	4	1	1	3	40	0.0011429718562535
32	4	1	2	3	40	0.0011917452017466
32	4	1	4	3	40	0.0011300232450841
32	4	1	8	3	40	0.0011586591687506
32	4	2	1	3	40	0.0011401582847942
32	4	2	2	3	40	0.0011070380553356
32	4	2	4	3	40	0.0011206592261458
32	4	2	8	3	40	0.0011465358734131
32	4	4	1	3	40	0.0011621155490765
32	4	4	2	3	40	0.001206535890878
32	4	4	4	3	40	0.0011703507942066
32	4	4	8	3	40	0.0011971181347257
16	1	1	1	7	40	0.0015615973361703

  b: 16
  rn: 1
  gflops: 2.5704961881174
  f: 40
  v: 1
  rm: 1
  k: 7
16	1	1	2	7	40	0.0019669813268325
16	1	1	4	7	40	0.001827335357666
16	1	1	8	7	40	0.0019845985898785
16	1	2	1	7	40	0.0018579915717796
16	1	2	2	7	40	0.0019060770670573
16	1	2	4	7	40	0.0017152749575101
16	1	2	8	7	40	0.0018410463945581
16	1	4	1	7	40	0.0013904521862666

  b: 16
  rn: 4
  gflops: 2.8868881933855
  f: 40
  v: 1
  rm: 1
  k: 7
16	1	4	2	7	40	0.0019283158438546
16	1	4	4	7	40	0.0016754428545634
16	1	4	8	7	40	0.0019998597626639
16	2	1	1	7	40	0.0018464753387171
16	2	1	2	7	40	0.0014748170095332
16	2	1	4	7	40	0.0021757587142613
16	2	1	8	7	40	0.0023166777073652
16	2	2	1	7	40	0.0020520109118837
16	2	2	2	7	40	0.0017346287595815
16	2	2	4	7	40	0.0017634044613755
16	2	2	8	7	40	0.0018096399736834
16	2	4	1	7	40	0.0020510307466141
16	2	4	2	7	40	0.0019057886941092
16	2	4	4	7	40	0.0018366958023211
16	2	4	8	7	40	0.0019268095493317
16	4	1	1	7	40	0.0018929917857332
16	4	1	2	7	40	0.0020871981978416
16	4	1	4	7	40	0.002185186614161
16	4	1	8	7	40	0.0016196447034036
16	4	2	1	7	40	0.0017682188435605
16	4	2	2	7	40	0.0017345598188497
16	4	2	4	7	40	0.0017626327380799
16	4	2	8	7	40	0.001872916087926
16	4	4	1	7	40	0.0019072941371373
16	4	4	2	7	40	0.0018352106076862
16	4	4	4	7	40	0.0017256551775439
16	4	4	8	7	40	0.0017434431158978
20	1	1	1	7	40	0.001262421877879
20	1	1	2	7	40	0.0012816183126656
20	1	1	4	7	40	0.0012775029346442
20	1	1	8	7	40	0.0012673667714566
20	1	2	1	7	40	0.0012229695552733
20	1	2	2	7	40	0.0013093605540157
20	1	2	4	7	40	0.0012518003582954
20	1	2	8	7	40	0.0012802546191367
20	1	4	1	7	40	0.0012495340027424
20	1	4	2	7	40	0.0012980584175356
20	1	4	4	7	40	0.0012519627809525
20	1	4	8	7	40	0.0012423414621294
20	2	1	1	7	40	0.0012294295375333
20	2	1	2	7	40	0.0012488128235621
20	2	1	4	7	40	0.0012557059526443
20	2	1	8	7	40	0.0012959480285645
20	2	2	1	7	40	0.0012209880642775
20	2	2	2	7	40	0.0012380870771997
20	2	2	4	7	40	0.0012836410449101
20	2	2	8	7	40	0.0012875642531957
20	2	4	1	7	40	0.0012240177247582
20	2	4	2	7	40	0.0012994679537686
20	2	4	4	7	40	0.0014299500918557
20	2	4	8	7	40	0.0012427886820728
20	4	1	1	7	40	0.0012384005534796
20	4	1	2	7	40	0.0013606532090375
20	4	1	4	7	40	0.0012407906261491
20	4	1	8	7	40	0.001224200900008
20	4	2	1	7	40	0.0012729862068273
20	4	2	2	7	40	0.0012311584379044
20	4	2	4	7	40	0.0012763746225151
20	4	2	8	7	40	0.0012241398415914
20	4	4	1	7	40	0.0012214329184555
20	4	4	2	7	40	0.0012845519261482
20	4	4	4	7	40	0.0012178551067006
20	4	4	8	7	40	0.0012168537486683
32	1	1	1	7	40	0.0029348843339561
32	1	1	2	7	40	0.002999882199871
32	1	1	4	7	40	0.0031120483691876
32	1	1	8	7	40	0.0027211195713765
32	1	2	1	7	40	0.0028722592762538
32	1	2	2	7	40	0.0028287592068524
32	1	2	4	7	40	0.002865743637085
32	1	2	8	7	40	0.0028673887252808
32	1	4	1	7	40	0.0028845003673009
32	1	4	2	7	40	0.0028740133558001
32	1	4	4	7	40	0.0029019998467487
32	1	4	8	7	40	0.0028494512531119
32	2	1	1	7	40	0.0028299277936909
32	2	1	2	7	40	0.0028225368177387
32	2	1	4	7	40	0.0029165952101998
32	2	1	8	7	40	0.002816637357076
32	2	2	1	7	40	0.0028334234801816
32	2	2	2	7	40	0.0028416506001647
32	2	2	4	7	40	0.0028929880687169
32	2	2	8	7	40	0.0028446325114076
32	2	4	1	7	40	0.0029205653978431
32	2	4	2	7	40	0.0029784405932707
32	2	4	4	7	40	0.0029728377566618
32	2	4	8	7	40	0.0029586343204274
32	4	1	1	7	40	0.0027905835045709
32	4	1	2	7	40	0.0029503387563369
32	4	1	4	7	40	0.0027715180018177
32	4	1	8	7	40	0.0026323268939922
32	4	2	1	7	40	0.0024922718236476
32	4	2	2	7	40	0.0028499851764088
32	4	2	4	7	40	0.0028596435274397
32	4	2	8	7	40	0.0029698259690229
32	4	4	1	7	40	0.0028690440314157
32	4	4	2	7	40	0.0028575692858015
32	4	4	4	7	40	0.0028764452253069
32	4	4	8	7	40	0.0028903586523873
16	1	1	1	13	40	0.0040383005142212

  b: 16
  rn: 1
  gflops: 3.4282936475989
  f: 40
  v: 1
  rm: 1
  k: 13
16	1	1	2	13	40	0.0038113369131988

  b: 16
  rn: 1
  gflops: 3.6324471741283
  f: 40
  v: 2
  rm: 1
  k: 13
16	1	1	4	13	40	0.0054871649355502
16	1	1	8	13	40	0.00432451227878
16	1	2	1	13	40	0.00402587890625
16	1	2	2	13	40	0.0040625810623169
16	1	2	4	13	40	0.0041140794754028
16	1	2	8	13	40	0.004916855267116
16	1	4	1	13	40	0.0047653719436291
16	1	4	2	13	40	0.0045064926147461
16	1	4	4	13	40	0.004207710425059
16	1	4	8	13	40	0.0045923644846136
16	2	1	1	13	40	0.0046572574349337
16	2	1	2	13	40	0.0051015734672546
16	2	1	4	13	40	0.0046921885290811
16	2	1	8	13	40	0.0052799488368787
16	2	2	1	13	40	0.0056479175885518
16	2	2	2	13	40	0.0047800711223057
16	2	2	4	13	40	0.0045737515796315
16	2	2	8	13	40	0.0036804892800071

  b: 16
  rn: 2
  gflops: 3.7615868290135
  f: 40
  v: 8
  rm: 2
  k: 13
16	2	4	1	13	40	0.0049202674772681
16	2	4	2	13	40	0.0041285485637431
16	2	4	4	13	40	0.0037300189336141
16	2	4	8	13	40	0.0039000006822439
16	4	1	1	13	40	0.0044763088226318
16	4	1	2	13	40	0.0041522201226682
16	4	1	4	13	40	0.0047930673111317
16	4	1	8	13	40	0.003741149549131
16	4	2	1	13	40	0.0043868241102799
16	4	2	2	13	40	0.003672981262207

  b: 16
  rn: 2
  gflops: 3.7692759673054
  f: 40
  v: 2
  rm: 4
  k: 13
16	4	2	4	13	40	0.0069121738960003
16	4	2	8	13	40	0.0041776990890503
16	4	4	1	13	40	0.0052633102123554
16	4	4	2	13	40	0.0044807540045844
16	4	4	4	13	40	0.0043143617345932
16	4	4	8	13	40	0.0039882522362929
20	1	1	1	13	40	0.004458220799764
20	1	1	2	13	40	0.0040678024291992
20	1	1	4	13	40	0.0038139055360038
20	1	1	8	13	40	0.003883944107936
20	1	2	1	13	40	0.0038857276623066
20	1	2	2	13	40	0.0037323324768632
20	1	2	4	13	40	0.0038383007049561
20	1	2	8	13	40	0.0039111696756803
20	1	4	1	13	40	0.0037430568977639
20	1	4	2	13	40	0.0039224905126235
20	1	4	4	13	40	0.0039505729308495
20	1	4	8	13	40	0.0038974422674913
20	2	1	1	13	40	0.0041276727403913
20	2	1	2	13	40	0.0039403952804266
20	2	1	4	13	40	0.0039557241926006
20	2	1	8	13	40	0.0037894698808778
20	2	2	1	13	40	0.0038664799470168
20	2	2	2	13	40	0.0037930551564918
20	2	2	4	13	40	0.0038194521418158
20	2	2	8	13	40	0.0039437050912894
20	2	4	1	13	40	0.0044659349653456
20	2	4	2	13	40	0.0039043655762306
20	2	4	4	13	40	0.0038239596024999
20	2	4	8	13	40	0.0039120408204886
20	4	1	1	13	40	0.0036708918484775
20	4	1	2	13	40	0.0038371850859444
20	4	1	4	13	40	0.0039867653566248
20	4	1	8	13	40	0.00407142162323
20	4	2	1	13	40	0.003820999613348
20	4	2	2	13	40	0.0040711784362793
20	4	2	4	13	40	0.0036176953996931
20	4	2	8	13	40	0.0038923300229586
20	4	4	1	13	40	0.0038234152883854
20	4	4	2	13	40	0.0041417929590965
20	4	4	4	13	40	0.0038412651925717
20	4	4	8	13	40	0.0037847580733123
32	1	1	1	13	40	0.0096550101325625
32	1	1	2	13	40	0.0096307595570882
32	1	1	4	13	40	0.0094229091297496
32	1	1	8	13	40	0.0096513770875477
32	1	2	1	13	40	0.009354678067294
32	1	2	2	13	40	0.0094505006616766
32	1	2	4	13	40	0.0087953443112581
32	1	2	8	13	40	0.0096835295359294
32	1	4	1	13	40	0.0094685446132313
32	1	4	2	13	40	0.009202545339411
32	1	4	4	13	40	0.0094795552167025
32	1	4	8	13	40	0.0095771834963844
32	2	1	1	13	40	0.010002708435059
32	2	1	2	13	40	0.0095448039826893
32	2	1	4	13	40	0.0097071443285261
32	2	1	8	13	40	0.0095912388392857
32	2	2	1	13	40	0.0091913179917769
32	2	2	2	13	40	0.0096390020279657
32	2	2	4	13	40	0.0090913664210926
32	2	2	8	13	40	0.0094163201071999
32	2	4	1	13	40	0.0097435201917376
32	2	4	2	13	40	0.0095880031585693
32	2	4	4	13	40	0.009537140528361
32	2	4	8	13	40	0.0096967220306396
32	4	1	1	13	40	0.0089798284613568
32	4	1	2	13	40	0.0091422254388983
32	4	1	4	13	40	0.0088480451832647
32	4	1	8	13	40	0.0098489579700288
32	4	2	1	13	40	0.0091466795314442
32	4	2	2	13	40	0.010135352611542
32	4	2	4	13	40	0.0097289993649437
32	4	2	8	13	40	0.0091176358136264
32	4	4	1	13	40	0.0094780054959384
32	4	4	2	13	40	0.0097003323691232
32	4	4	4	13	40	0.010038447380066
32	4	4	8	13	40	0.0096828483399891
