3.498355421272
3.5021960307989
3.5592204637172
3.5028321938815
3.2633951109724
3.5178858677063
3.5261493718368
3.5069115696893
3.4851223694643
3.9288273883886
3.9951086815457
4.1261704854338
3.8800206152893
4.1058808621962
4.094280604313
4.0799714594561
4.1472804710046
4.0023995877766
3.3465524888891
3.1593715363535
3.2701661916157
3.3688518678001
3.3483021239246
3.3701226861745
3.3551807415184
3.3404294358358
3.3506089304555
3.5501741994794
3.6144915569516
3.5792542598657
3.5637903005013
3.5645516835989
3.6118597961048
3.5950920350569
3.5902665802755
3.5234531930905
3.6151289857679
3.5643581520899
3.4006499690624
3.5687219175314
3.566879914959
3.2178160171623
3.6104105916699
3.3774609963571
3.4391063823992
3.540435986147
3.4537219223852
3.4623164566044
3.5614716258677
3.4919011434065
3.641857402151
3.5315632890956
3.4675347335496
3.4236523023441
3.4788547377029
3.5623749230096
3.4269608206252
3.559763823391
3.5615945830459
3.4621272960609
3.5017226786392
3.2722207745989
3.2072157047923
3.1383263975249
3.3154266752545
3.2457907831026
3.200690252984
3.2350810787407
3.315299400784
3.2684033175057
