16	1	1	3	2
1024	4.0888432298864	[ OK ]

  b: 16
  rn: 1
  gflops: 4.0888432298864
  t: 2
  rm: 1
  k: 3
16	1	1	3	4
1024	3.4600465848938	[ OK ]
16	1	1	3	6
1024	4.0225892557983	[ OK ]
16	1	1	3	8
1024	3.1079303878275	[ OK ]
16	1	1	3	10
1024	2.903227659157	[ OK ]
16	1	1	3	12
1024	2.4420889962314	[ OK ]
16	1	1	3	20
1024	2.5188705823251	[ OK ]
16	1	1	5	2
1024	3.9284500660725	[ OK ]
16	1	1	5	4
1024	8.9782000374542	[ OK ]

  b: 16
  rn: 1
  gflops: 8.9782000374542
  t: 4
  rm: 1
  k: 5
16	1	1	5	6
1024	5.9036524213037	[ OK ]
16	1	1	5	8
1024	5.7135430515539	[ OK ]
16	1	1	5	10
1024	4.6308171055928	[ OK ]
16	1	1	5	12
1024	4.4428900816616	[ OK ]
16	1	1	5	20
1024	3.9145848439796	[ OK ]
16	1	1	7	2
1024	3.8751050401276	[ OK ]
16	1	1	7	4
1024	8.66415448719	[ OK ]
16	1	1	7	6
1024	10.729015323129	[ OK ]

  b: 16
  rn: 1
  gflops: 10.729015323129
  t: 6
  rm: 1
  k: 7
16	1	1	7	8
1024	6.4391809487076	[ OK ]
16	1	1	7	10
1024	6.6463014359267	[ OK ]
16	1	1	7	12
1024	6.5111496781054	[ OK ]
16	1	1	7	20
1024	6.9847029629817	[ OK ]
16	1	1	9	2
1024	3.6714070640991	[ OK ]
16	1	1	9	4
1024	7.0624270344276	[ OK ]
16	1	1	9	6
1024	8.3831813534349	[ OK ]
16	1	1	9	8
1024	7.3979085939895	[ OK ]
16	1	1	9	10
1024	8.7209227787281	[ OK ]
16	1	1	9	12
1024	8.6687279076855	[ OK ]
16	1	1	9	20
1024	9.9496830197301	[ OK ]
16	1	1	11	2
1024	3.8023411588353	[ OK ]
16	1	1	11	4
1024	6.6222452444448	[ OK ]
16	1	1	11	6
1024	7.2907033686564	[ OK ]
16	1	1	11	8
1024	8.6598360737373	[ OK ]
16	1	1	11	10
1024	10.319781796814	[ OK ]
16	1	1	11	12
1024	9.3351599333159	[ OK ]
16	1	1	11	20
1024	10.908059644714	[ OK ]

  b: 16
  rn: 1
  gflops: 10.908059644714
  t: 20
  rm: 1
  k: 11
16	1	2	3	2
1024	6.933311974046	[ OK ]
16	1	2	3	4
1024	6.5756519289446	[ OK ]
16	1	2	3	6
1024	5.9348404827852	[ OK ]
16	1	2	3	8
1024	3.4686757737293	[ OK ]
16	1	2	3	10
1024	3.6213113388605	[ OK ]
16	1	2	3	12
1024	3.164170105949	[ OK ]
16	1	2	3	20
1024	3.0736066417272	[ OK ]
16	1	2	5	2
1024	6.2689751176546	[ OK ]
16	1	2	5	4
1024	8.5602755879211	[ OK ]
16	1	2	5	6
1024	8.906204242199	[ OK ]
16	1	2	5	8
1024	4.8214121767599	[ OK ]
16	1	2	5	10
1024	5.8493521657069	[ OK ]
16	1	2	5	12
1024	4.9782348971979	[ OK ]
16	1	2	5	20
1024	4.6530108242233	[ OK ]
16	1	2	7	2
1024	5.0118964254398	[ OK ]
16	1	2	7	4
1024	7.8909939976669	[ OK ]
16	1	2	7	6
1024	7.9301217086348	[ OK ]
16	1	2	7	8
1024	7.8672820989928	[ OK ]
16	1	2	7	10
1024	6.620668239557	[ OK ]
16	1	2	7	12
1024	7.6491752890968	[ OK ]
16	1	2	7	20
1024	6.6713616021063	[ OK ]
16	1	2	9	2
1024	6.3028701704698	[ OK ]
16	1	2	9	4
1024	7.8559146182803	[ OK ]
16	1	2	9	6
1024	9.7891812936286	[ OK ]
16	1	2	9	8
1024	12.736822733722	[ OK ]

  b: 16
  rn: 2
  gflops: 12.736822733722
  t: 8
  rm: 1
  k: 9
16	1	2	9	10
1024	9.6398474473953	[ OK ]
16	1	2	9	12
1024	10.673012759958	[ OK ]
16	1	2	9	20
1024	11.464211281026	[ OK ]
16	1	2	11	2
1024	5.7132326722577	[ OK ]
16	1	2	11	4
1024	9.6414423355841	[ OK ]
16	1	2	11	6
1024	10.727459273369	[ OK ]
16	1	2	11	8
1024	11.866163799563	[ OK ]
16	1	2	11	10
1024	12.874039266237	[ OK ]

  b: 16
  rn: 2
  gflops: 12.874039266237
  t: 10
  rm: 1
  k: 11
16	1	2	11	12
1024	13.604724180654	[ OK ]

  b: 16
  rn: 2
  gflops: 13.604724180654
  t: 12
  rm: 1
  k: 11
16	1	2	11	20
1024	14.305073299074	[ OK ]

  b: 16
  rn: 2
  gflops: 14.305073299074
  t: 20
  rm: 1
  k: 11
16	1	4	3	2
1024	7.6988412338389	[ OK ]
16	1	4	3	4
1024	7.8176411442493	[ OK ]
16	1	4	3	6
1024	4.9819770425112	[ OK ]
16	1	4	3	8
1024	3.641844910789	[ OK ]
16	1	4	3	10
1024	3.1494309419676	[ OK ]
16	1	4	3	12
1024	3.2881342016924	[ OK ]
16	1	4	3	20
1024	2.9554246989724	[ OK ]
16	1	4	5	2
1024	7.0732150247379	[ OK ]
16	1	4	5	4
1024	7.8253527915183	[ OK ]
16	1	4	5	6
1024	5.0864226001129	[ OK ]
16	1	4	5	8
1024	5.2643115356265	[ OK ]
16	1	4	5	10
1024	6.5848194698193	[ OK ]
16	1	4	5	12
1024	5.5036186713455	[ OK ]
16	1	4	5	20
1024	5.6724101827637	[ OK ]
16	1	4	7	2
1024	5.5438036437655	[ OK ]
16	1	4	7	4
1024	5.8030249821978	[ OK ]
16	1	4	7	6
1024	8.5986038401319	[ OK ]
16	1	4	7	8
1024	8.724781289424	[ OK ]
16	1	4	7	10
1024	7.0803722615845	[ OK ]
16	1	4	7	12
1024	9.072879181735	[ OK ]
16	1	4	7	20
1024	7.1167681282147	[ OK ]
16	1	4	9	2
1024	4.9588449380253	[ OK ]
16	1	4	9	4
1024	10.485670048255	[ OK ]
16	1	4	9	6
1024	9.3333859898766	[ OK ]
16	1	4	9	8
1024	9.4593888734948	[ OK ]
16	1	4	9	10
1024	9.2220568254062	[ OK ]
16	1	4	9	12
1024	10.186558219118	[ OK ]
16	1	4	9	20
1024	9.9156540105818	[ OK ]
16	1	4	11	2
1024	5.7228664448869	[ OK ]
16	1	4	11	4
1024	11.029120199772	[ OK ]
16	1	4	11	6
1024	11.177325152666	[ OK ]
16	1	4	11	8
1024	12.459390727482	[ OK ]
16	1	4	11	10
1024	12.082956867652	[ OK ]
16	1	4	11	12
1024	13.804894623311	[ OK ]
16	1	4	11	20
1024	13.866700555917	[ OK ]
16	1	8	3	2
1024	4.6460055479404	[ OK ]
16	1	8	3	4
1024	3.4359415926034	[ OK ]
16	1	8	3	6
1024	2.8469523698552	[ OK ]
16	1	8	3	8
1024	3.6539909021454	[ OK ]
16	1	8	3	10
1024	2.3540672556698	[ OK ]
16	1	8	3	12
1024	2.7920001363658	[ OK ]
16	1	8	3	20
1024	2.2907579294814	[ OK ]
16	1	8	5	2
1024	6.3294140375996	[ OK ]
16	1	8	5	4
1024	6.0214218388609	[ OK ]
16	1	8	5	6
1024	5.9225319973648	[ OK ]
16	1	8	5	8
1024	4.793500184768	[ OK ]
16	1	8	5	10
1024	4.3845215516822	[ OK ]
16	1	8	5	12
1024	4.7946773637171	[ OK ]
16	1	8	5	20
1024	4.8988020574127	[ OK ]
16	1	8	7	2
1024	6.0562554268197	[ OK ]
16	1	8	7	4
1024	5.9740674911359	[ OK ]
16	1	8	7	6
1024	9.5332564273706	[ OK ]
16	1	8	7	8
1024	8.6875044314039	[ OK ]
16	1	8	7	10
1024	8.5505096566202	[ OK ]
16	1	8	7	12
1024	7.5766005134441	[ OK ]
16	1	8	7	20
1024	6.6700931884763	[ OK ]
16	1	8	9	2
1024	6.0394739373626	[ OK ]
16	1	8	9	4
1024	7.4954083361266	[ OK ]
16	1	8	9	6
1024	9.0524199293219	[ OK ]
16	1	8	9	8
1024	10.11126482143	[ OK ]
16	1	8	9	10
1024	9.8239602362702	[ OK ]
16	1	8	9	12
1024	10.840762084804	[ OK ]
16	1	8	9	20
1024	11.249570856661	[ OK ]
16	1	8	11	2
1024	5.5145975617179	[ OK ]
16	1	8	11	4
1024	9.6337953148094	[ OK ]
16	1	8	11	6
1024	11.314285091356	[ OK ]
16	1	8	11	8
1024	11.369816461918	[ OK ]
16	1	8	11	10
1024	13.090975564345	[ OK ]
16	1	8	11	12
1024	13.2031168592	[ OK ]
16	1	8	11	20
1024	13.102710962266	[ OK ]
16	2	1	3	2
1024	5.6474307543505	[ OK ]
16	2	1	3	4
1024	5.8321558717507	[ OK ]
16	2	1	3	6
1024	4.9496642859675	[ OK ]
16	2	1	3	8
1024	3.282855340914	[ OK ]
16	2	1	3	10
1024	2.6612836344329	[ OK ]
16	2	1	3	12
1024	2.673369686718	[ OK ]
16	2	1	3	20
1024	2.1957474240363	[ OK ]
16	2	1	5	2
1024	3.9097963553142	[ OK ]
16	2	1	5	4
1024	6.791430046225	[ OK ]
16	2	1	5	6
1024	7.5003615899135	[ OK ]
16	2	1	5	8
1024	4.9247207743129	[ OK ]
16	2	1	5	10
1024	4.1528370560814	[ OK ]
16	2	1	5	12
1024	3.9777342494663	[ OK ]
16	2	1	5	20
1024	4.6556925360489	[ OK ]
16	2	1	7	2
1024	3.4454774656514	[ OK ]
16	2	1	7	4
1024	5.0463063537495	[ OK ]
16	2	1	7	6
1024	5.0588512068606	[ OK ]
16	2	1	7	8
1024	9.4882408267636	[ OK ]
16	2	1	7	10
1024	6.0942979584252	[ OK ]
16	2	1	7	12
1024	6.6538383562177	[ OK ]
16	2	1	7	20
1024	6.3276742505548	[ OK ]
16	2	1	9	2
1024	3.3857211208486	[ OK ]
16	2	1	9	4
1024	5.5295272420375	[ OK ]
16	2	1	9	6
1024	7.0558060455099	[ OK ]
16	2	1	9	8
1024	7.3442572744927	[ OK ]
16	2	1	9	10
1024	7.4690854986199	[ OK ]
16	2	1	9	12
1024	9.2349446394692	[ OK ]
16	2	1	9	20
1024	9.1676664667814	[ OK ]
16	2	1	11	2
1024	3.3648764821523	[ OK ]
16	2	1	11	4
1024	7.2536032918814	[ OK ]
16	2	1	11	6
1024	8.4162299131752	[ OK ]
16	2	1	11	8
1024	8.2206295430283	[ OK ]
16	2	1	11	10
1024	9.3134513988823	[ OK ]
16	2	1	11	12
1024	10.1082672424	[ OK ]
16	2	1	11	20
1024	11.290260961256	[ OK ]
16	2	2	3	2
1024	5.4195355155102	[ OK ]
16	2	2	3	4
1024	4.8958182547729	[ OK ]
16	2	2	3	6
1024	5.5795333663716	[ OK ]
16	2	2	3	8
1024	3.5437825071654	[ OK ]
16	2	2	3	10
1024	5.1695665258595	[ OK ]
16	2	2	3	12
1024	3.1414141297992	[ OK ]
16	2	2	3	20
1024	2.5734559970609	[ OK ]
16	2	2	5	2
1024	5.6450346696239	[ OK ]
16	2	2	5	4
1024	10.83677042045	[ OK ]
16	2	2	5	6
1024	6.7484956262071	[ OK ]
16	2	2	5	8
1024	4.9124758065374	[ OK ]
16	2	2	5	10
1024	3.9639003277114	[ OK ]
16	2	2	5	12
1024	4.5717263969231	[ OK ]
16	2	2	5	20
1024	4.45246082052	[ OK ]
16	2	2	7	2
1024	4.494838422856	[ OK ]
16	2	2	7	4
1024	5.504336438158	[ OK ]
16	2	2	7	6
1024	7.6956108542238	[ OK ]
16	2	2	7	8
1024	6.2925621159418	[ OK ]
16	2	2	7	10
1024	6.5487508825929	[ OK ]
16	2	2	7	12
1024	7.1155982434641	[ OK ]
16	2	2	7	20
1024	7.0106712674316	[ OK ]
16	2	2	9	2
1024	4.7865552451703	[ OK ]
16	2	2	9	4
1024	6.3336514437623	[ OK ]
16	2	2	9	6
1024	11.572275883845	[ OK ]
16	2	2	9	8
1024	6.5946196822602	[ OK ]
16	2	2	9	10
1024	9.2400619234479	[ OK ]
16	2	2	9	12
1024	8.7622634081518	[ OK ]
16	2	2	9	20
1024	9.1549977020423	[ OK ]
16	2	2	11	2
1024	4.6535036718678	[ OK ]
16	2	2	11	4
1024	7.8954187055942	[ OK ]
16	2	2	11	6
1024	10.020899538768	[ OK ]
16	2	2	11	8
1024	9.6973450353942	[ OK ]
16	2	2	11	10
1024	11.628001491151	[ OK ]
16	2	2	11	12
1024	10.684133431618	[ OK ]
16	2	2	11	20
1024	11.761652840518	[ OK ]
16	2	4	3	2
1024	5.3220874628096	[ OK ]
16	2	4	3	4
1024	5.4632948029392	[ OK ]
16	2	4	3	6
1024	4.0480521328955	[ OK ]
16	2	4	3	8
1024	3.2405521467031	[ OK ]
16	2	4	3	10
1024	3.1438798805286	[ OK ]
16	2	4	3	12
1024	3.0289611641634	[ OK ]
16	2	4	3	20
1024	3.4619359195866	[ OK ]
16	2	4	5	2
1024	4.6354321415531	[ OK ]
16	2	4	5	4
1024	7.7190128457618	[ OK ]
16	2	4	5	6
1024	4.7101179956372	[ OK ]
16	2	4	5	8
1024	5.224046646637	[ OK ]
16	2	4	5	10
1024	4.4956980683691	[ OK ]
16	2	4	5	12
1024	4.709126152367	[ OK ]
16	2	4	5	20
1024	4.1479509910381	[ OK ]
16	2	4	7	2
1024	5.0010449549995	[ OK ]
16	2	4	7	4
1024	7.3748618268338	[ OK ]
16	2	4	7	6
1024	6.9091893751678	[ OK ]
16	2	4	7	8
1024	6.8573907126302	[ OK ]
16	2	4	7	10
1024	6.5632950708284	[ OK ]
16	2	4	7	12
1024	6.8487436235362	[ OK ]
16	2	4	7	20
1024	7.115984246126	[ OK ]
16	2	4	9	2
1024	4.3778507469586	[ OK ]
16	2	4	9	4
1024	6.6164903912303	[ OK ]
16	2	4	9	6
1024	7.1339033317791	[ OK ]
16	2	4	9	8
1024	8.2199079210461	[ OK ]
16	2	4	9	10
1024	8.6797204736356	[ OK ]
16	2	4	9	12
1024	9.1229952318224	[ OK ]
16	2	4	9	20
1024	10.304664605187	[ OK ]
16	2	4	11	2
1024	4.0352951539677	[ OK ]
16	2	4	11	4
1024	7.2791684581126	[ OK ]
16	2	4	11	6
1024	8.820795415035	[ OK ]
16	2	4	11	8
1024	11.381974055016	[ OK ]
16	2	4	11	10
1024	12.235067009931	[ OK ]
16	2	4	11	12
1024	11.897428035842	[ OK ]
16	2	4	11	20
1024	12.544194739271	[ OK ]
16	2	8	3	2
1024	3.5598564509582	[ OK ]
16	2	8	3	4
1024	3.7686549613445	[ OK ]
16	2	8	3	6
1024	3.0982640090379	[ OK ]
16	2	8	3	8
1024	3.1011240604069	[ OK ]
16	2	8	3	10
1024	2.0633452773937	[ OK ]
16	2	8	3	12
1024	2.0306628451202	[ OK ]
16	2	8	3	20
1024	1.7896000479218	[ OK ]
16	2	8	5	2
1024	4.3837246248883	[ OK ]
16	2	8	5	4
1024	5.9310884720073	[ OK ]
16	2	8	5	6
1024	5.931825817448	[ OK ]
16	2	8	5	8
1024	5.3063769576349	[ OK ]
16	2	8	5	10
1024	3.912207694494	[ OK ]
16	2	8	5	12
1024	3.6164576777818	[ OK ]
16	2	8	5	20
1024	4.1374346728543	[ OK ]
16	2	8	7	2
1024	3.9386510898533	[ OK ]
16	2	8	7	4
1024	8.0401356739089	[ OK ]
16	2	8	7	6
1024	5.6383468221692	[ OK ]
16	2	8	7	8
1024	7.1740062798471	[ OK ]
16	2	8	7	10
1024	6.6117307866499	[ OK ]
16	2	8	7	12
1024	7.1899212189435	[ OK ]
16	2	8	7	20
1024	6.6424997200988	[ OK ]
16	2	8	9	2
1024	4.0236621355825	[ OK ]
16	2	8	9	4
1024	6.642336056821	[ OK ]
16	2	8	9	6
1024	8.6183196255767	[ OK ]
16	2	8	9	8
1024	8.8644818530247	[ OK ]
16	2	8	9	10
1024	9.2149545946941	[ OK ]
16	2	8	9	12
1024	9.163250375351	[ OK ]
16	2	8	9	20
1024	10.884398788187	[ OK ]
16	2	8	11	2
1024	3.7790254805313	[ OK ]
16	2	8	11	4
1024	6.3690918099185	[ OK ]
16	2	8	11	6
1024	8.5702512191255	[ OK ]
16	2	8	11	8
1024	9.5853495128278	[ OK ]
16	2	8	11	10
1024	9.9680493537129	[ OK ]
16	2	8	11	12
1024	9.610579725674	[ OK ]
16	2	8	11	20
1024	11.541576542313	[ OK ]
16	4	1	3	2
1024	5.313645663662	[ OK ]
16	4	1	3	4
1024	3.9511894462726	[ OK ]
16	4	1	3	6
1024	3.970888678704	[ OK ]
16	4	1	3	8
1024	3.0298569614625	[ OK ]
16	4	1	3	10
1024	2.7911732436018	[ OK ]
16	4	1	3	12
1024	2.3591660696559	[ OK ]
16	4	1	3	20
1024	2.5146714373742	[ OK ]
16	4	1	5	2
1024	3.0703967302766	[ OK ]
16	4	1	5	4
1024	3.6302788393664	[ OK ]
16	4	1	5	6
1024	5.1887864303745	[ OK ]
16	4	1	5	8
1024	4.1599221664888	[ OK ]
16	4	1	5	10
1024	4.3275281668232	[ OK ]
16	4	1	5	12
1024	3.8674979813574	[ OK ]
16	4	1	5	20
1024	4.634341274136	[ OK ]
16	4	1	7	2
1024	3.401489440166	[ OK ]
16	4	1	7	4
1024	4.4670271341967	[ OK ]
16	4	1	7	6
1024	5.1951445801288	[ OK ]
16	4	1	7	8
1024	7.9105094691496	[ OK ]
16	4	1	7	10
1024	5.9824424780357	[ OK ]
16	4	1	7	12
1024	7.017650556359	[ OK ]
16	4	1	7	20
1024	6.0924530200843	[ OK ]
16	4	1	9	2
1024	3.190211688529	[ OK ]
16	4	1	9	4
1024	5.7203044747199	[ OK ]
16	4	1	9	6
1024	8.500336640402	[ OK ]
16	4	1	9	8
1024	7.9209458528176	[ OK ]
16	4	1	9	10
1024	7.4564051136012	[ OK ]
16	4	1	9	12
1024	8.8058377539986	[ OK ]
16	4	1	9	20
1024	9.7898426233104	[ OK ]
16	4	1	11	2
1024	3.3506147904951	[ OK ]
16	4	1	11	4
1024	7.1922346106846	[ OK ]
16	4	1	11	6
1024	9.2389719221367	[ OK ]
16	4	1	11	8
1024	8.8428861933041	[ OK ]
16	4	1	11	10
1024	9.6864675121867	[ OK ]
16	4	1	11	12
1024	10.489806685069	[ OK ]
16	4	1	11	20
1024	12.231664243923	[ OK ]
16	4	2	3	2
1024	5.0595995649154	[ OK ]
16	4	2	3	4
1024	7.0299756683106	[ OK ]
16	4	2	3	6
1024	3.5500262140723	[ OK ]
16	4	2	3	8
1024	3.286355588658	[ OK ]
16	4	2	3	10
1024	2.8804479320696	[ OK ]
16	4	2	3	12
1024	3.0334736341166	[ OK ]
16	4	2	3	20
1024	2.6180487034412	[ OK ]
16	4	2	5	2
1024	5.0996514592108	[ OK ]
16	4	2	5	4
1024	8.1028449722351	[ OK ]
16	4	2	5	6
1024	5.2376164800278	[ OK ]
16	4	2	5	8
1024	5.0014118332562	[ OK ]
16	4	2	5	10
1024	4.6486063958398	[ OK ]
16	4	2	5	12
1024	4.2815088765535	[ OK ]
16	4	2	5	20
1024	4.0909240013421	[ OK ]
16	4	2	7	2
1024	4.4841762501676	[ OK ]
16	4	2	7	4
1024	7.2622226692804	[ OK ]
16	4	2	7	6
1024	10.157510353814	[ OK ]
16	4	2	7	8
1024	8.0924142508752	[ OK ]
16	4	2	7	10
1024	6.6250050311989	[ OK ]
16	4	2	7	12
1024	6.5046491182928	[ OK ]
16	4	2	7	20
1024	7.1216364251779	[ OK ]
16	4	2	9	2
1024	4.0393886905776	[ OK ]
16	4	2	9	4
1024	7.8464152319657	[ OK ]
16	4	2	9	6
1024	8.2836423615943	[ OK ]
16	4	2	9	8
1024	8.3271705174985	[ OK ]
16	4	2	9	10
1024	9.6346114993562	[ OK ]
16	4	2	9	12
1024	9.4214359896	[ OK ]
16	4	2	9	20
1024	11.074033414027	[ OK ]
16	4	2	11	2
1024	3.7723061375187	[ OK ]
16	4	2	11	4
1024	7.9197497986232	[ OK ]
16	4	2	11	6
1024	9.2198838399505	[ OK ]
16	4	2	11	8
1024	11.95503923717	[ OK ]
16	4	2	11	10
1024	10.759076079069	[ OK ]
16	4	2	11	12
1024	11.965872399006	[ OK ]
16	4	2	11	20
1024	13.217918877227	[ OK ]
16	4	4	3	2
1024	4.4310795940499	[ OK ]
16	4	4	3	4
1024	3.3710235955759	[ OK ]
16	4	4	3	6
1024	3.8117787975304	[ OK ]
16	4	4	3	8
1024	2.9771045074747	[ OK ]
16	4	4	3	10
1024	2.4514988240831	[ OK ]
16	4	4	3	12
1024	2.905998107688	[ OK ]
16	4	4	3	20
1024	2.0040647035168	[ OK ]
16	4	4	5	2
1024	4.8382957761315	[ OK ]
16	4	4	5	4
1024	5.3690773951655	[ OK ]
16	4	4	5	6
1024	6.3224261055992	[ OK ]
16	4	4	5	8
1024	5.5649381571349	[ OK ]
16	4	4	5	10
1024	4.2152342799329	[ OK ]
16	4	4	5	12
1024	4.398496710179	[ OK ]
16	4	4	5	20
1024	4.2039383145947	[ OK ]
16	4	4	7	2
1024	3.9649423090564	[ OK ]
16	4	4	7	4
1024	5.402734633075	[ OK ]
16	4	4	7	6
1024	6.0527117260867	[ OK ]
16	4	4	7	8
1024	7.059349080144	[ OK ]
16	4	4	7	10
1024	6.2998635657965	[ OK ]
16	4	4	7	12
1024	6.8689515816087	[ OK ]
16	4	4	7	20
1024	7.2985003333908	[ OK ]
16	4	4	9	2
1024	4.3547676474473	[ OK ]
16	4	4	9	4
1024	6.9947027885534	[ OK ]
16	4	4	9	6
1024	8.9985761343489	[ OK ]
16	4	4	9	8
1024	8.3279491825429	[ OK ]
16	4	4	9	10
1024	7.5663753872535	[ OK ]
16	4	4	9	12
1024	9.0967978331853	[ OK ]
16	4	4	9	20
1024	9.6856480500654	[ OK ]
16	4	4	11	2
1024	3.7410141534416	[ OK ]
16	4	4	11	4
1024	5.8210917737121	[ OK ]
16	4	4	11	6
1024	8.5214449402438	[ OK ]
16	4	4	11	8
1024	7.8715942576691	[ OK ]
16	4	4	11	10
1024	9.0521818655851	[ OK ]
16	4	4	11	12
1024	10.492794228968	[ OK ]
16	4	4	11	20
1024	10.541082617056	[ OK ]
16	4	8	3	2
1024	4.7803891145431	[ OK ]
16	4	8	3	4
1024	4.3185190017576	[ OK ]
16	4	8	3	6
1024	3.4298141082436	[ OK ]
16	4	8	3	8
1024	3.6634818664373	[ OK ]
16	4	8	3	10
1024	2.0884657314678	[ OK ]
16	4	8	3	12
1024	2.4736578049573	[ OK ]
16	4	8	3	20
1024	2.1262793982232	[ OK ]
16	4	8	5	2
1024	3.9207081368578	[ OK ]
16	4	8	5	4
1024	7.3922403117489	[ OK ]
16	4	8	5	6
1024	4.0855290716774	[ OK ]
16	4	8	5	8
1024	4.8332529579792	[ OK ]
16	4	8	5	10
1024	4.5341412806089	[ OK ]
16	4	8	5	12
1024	4.2140748752558	[ OK ]
16	4	8	5	20
1024	4.3225593684392	[ OK ]
16	4	8	7	2
1024	3.5882223804741	[ OK ]
16	4	8	7	4
1024	6.07382236543	[ OK ]
16	4	8	7	6
1024	5.4212557247028	[ OK ]
16	4	8	7	8
1024	5.5686579682966	[ OK ]
16	4	8	7	10
1024	6.8871010528298	[ OK ]
16	4	8	7	12
1024	6.1542285785876	[ OK ]
16	4	8	7	20
1024	6.5359021362241	[ OK ]
16	4	8	9	2
1024	3.4103175129181	[ OK ]
16	4	8	9	4
1024	5.7869771655304	[ OK ]
16	4	8	9	6
1024	8.1831639404005	[ OK ]
16	4	8	9	8
1024	6.6539440453305	[ OK ]
16	4	8	9	10
1024	7.5248646791994	[ OK ]
16	4	8	9	12
1024	7.3629617107838	[ OK ]
16	4	8	9	20
1024	8.9140465676998	[ OK ]
16	4	8	11	2
1024	3.7848712947481	[ OK ]
16	4	8	11	4
1024	6.076224352043	[ OK ]
16	4	8	11	6
1024	7.6749994229143	[ OK ]
16	4	8	11	8
1024	7.3050063877681	[ OK ]
16	4	8	11	10
1024	8.1056839731426	[ OK ]
16	4	8	11	12
1024	9.5103200207051	[ OK ]
16	4	8	11	20
1024	12.361969544631	[ OK ]
16	8	1	3	2
1024	4.3816231929658	[ OK ]
16	8	1	3	4
1024	6.1087242528289	[ OK ]
16	8	1	3	6
1024	3.2419550487861	[ OK ]
16	8	1	3	8
1024	2.7451252568874	[ OK ]
16	8	1	3	10
1024	2.5848356141786	[ OK ]
16	8	1	3	12
1024	2.8255447659486	[ OK ]
16	8	1	3	20
1024	2.20423279649	[ OK ]
16	8	1	5	2
1024	4.1926486535658	[ OK ]
16	8	1	5	4
1024	3.644161761429	[ OK ]
16	8	1	5	6
1024	4.1767150119474	[ OK ]
16	8	1	5	8
1024	4.4023193504736	[ OK ]
16	8	1	5	10
1024	4.0396859688108	[ OK ]
16	8	1	5	12
1024	3.8072435355778	[ OK ]
16	8	1	5	20
1024	4.0735005393802	[ OK ]
16	8	1	7	2
1024	3.467486388481	[ OK ]
16	8	1	7	4
1024	7.4531130352795	[ OK ]
16	8	1	7	6
1024	5.9188144033735	[ OK ]
16	8	1	7	8
1024	5.5519705403258	[ OK ]
16	8	1	7	10
1024	6.7570346828486	[ OK ]
16	8	1	7	12
1024	6.3214776543039	[ OK ]
16	8	1	7	20
1024	6.3951360667401	[ OK ]
16	8	1	9	2
1024	3.6211270061449	[ OK ]
16	8	1	9	4
1024	7.3509674419872	[ OK ]
16	8	1	9	6
1024	7.3041106869607	[ OK ]
16	8	1	9	8
1024	7.7832092338725	[ OK ]
16	8	1	9	10
1024	8.1704484940093	[ OK ]
16	8	1	9	12
1024	9.2865720267025	[ OK ]
16	8	1	9	20
1024	9.1664012289838	[ OK ]
16	8	1	11	2
1024	3.892656627824	[ OK ]
16	8	1	11	4
1024	6.6939242113923	[ OK ]
16	8	1	11	6
1024	8.3480388922867	[ OK ]
16	8	1	11	8
1024	9.6602020910736	[ OK ]
16	8	1	11	10
1024	11.145760597125	[ OK ]
16	8	1	11	12
1024	11.442422808221	[ OK ]
16	8	1	11	20
1024	10.808022851877	[ OK ]
16	8	2	3	2
1024	5.1318249006333	[ OK ]
16	8	2	3	4
1024	5.5546673898812	[ OK ]
16	8	2	3	6
1024	4.2184319942475	[ OK ]
16	8	2	3	8
1024	3.2469737138412	[ OK ]
16	8	2	3	10
1024	2.9708654452952	[ OK ]
16	8	2	3	12
1024	2.3580248727195	[ OK ]
16	8	2	3	20
1024	2.6374334016454	[ OK ]
16	8	2	5	2
1024	4.3014857469423	[ OK ]
16	8	2	5	4
1024	7.2727896706755	[ OK ]
16	8	2	5	6
1024	7.4337657336537	[ OK ]
16	8	2	5	8
1024	4.6965654281214	[ OK ]
16	8	2	5	10
1024	4.0737599430384	[ OK ]
16	8	2	5	12
1024	4.1420131460004	[ OK ]
16	8	2	5	20
1024	4.5387216676818	[ OK ]
16	8	2	7	2
1024	4.9476609632502	[ OK ]
16	8	2	7	4
1024	8.9798542343113	[ OK ]
16	8	2	7	6
1024	7.7246089655783	[ OK ]
16	8	2	7	8
1024	7.053457239685	[ OK ]
16	8	2	7	10
1024	6.5438101376783	[ OK ]
16	8	2	7	12
1024	7.0967185834538	[ OK ]
16	8	2	7	20
1024	7.9467991368987	[ OK ]
16	8	2	9	2
1024	4.2343152966745	[ OK ]
16	8	2	9	4
1024	8.1313037297451	[ OK ]
16	8	2	9	6
1024	7.2421828507806	[ OK ]
16	8	2	9	8
1024	8.1680506029462	[ OK ]
16	8	2	9	10
1024	9.2292460904038	[ OK ]
16	8	2	9	12
1024	9.4320790962493	[ OK ]
16	8	2	9	20
1024	9.7889571343525	[ OK ]
16	8	2	11	2
1024	3.5304465626451	[ OK ]
16	8	2	11	4
1024	5.7658612961353	[ OK ]
16	8	2	11	6
1024	8.2569264484081	[ OK ]
16	8	2	11	8
1024	8.5788170098177	[ OK ]
16	8	2	11	10
1024	9.4230781652531	[ OK ]
16	8	2	11	12
1024	9.8218998150086	[ OK ]
16	8	2	11	20
1024	11.209764219343	[ OK ]
16	8	4	3	2
1024	4.0372355371845	[ OK ]
16	8	4	3	4
1024	6.9752798413892	[ OK ]
16	8	4	3	6
1024	4.303178216869	[ OK ]
16	8	4	3	8
1024	2.7633699184771	[ OK ]
16	8	4	3	10
1024	2.260178882776	[ OK ]
16	8	4	3	12
1024	2.4092650973073	[ OK ]
16	8	4	3	20
1024	2.1779171212279	[ OK ]
16	8	4	5	2
1024	3.9430173770237	[ OK ]
16	8	4	5	4
1024	3.881181772144	[ OK ]
16	8	4	5	6
1024	4.5993498324949	[ OK ]
16	8	4	5	8
1024	4.4416372617362	[ OK ]
16	8	4	5	10
1024	5.0305415279554	[ OK ]
16	8	4	5	12
1024	4.9278122654992	[ OK ]
16	8	4	5	20
1024	5.0174450900221	[ OK ]
16	8	4	7	2
1024	4.0700060962777	[ OK ]
16	8	4	7	4
1024	7.0813444350055	[ OK ]
16	8	4	7	6
1024	8.4385244766471	[ OK ]
16	8	4	7	8
1024	6.1193325387252	[ OK ]
16	8	4	7	10
1024	5.929025853637	[ OK ]
16	8	4	7	12
1024	6.4824264770528	[ OK ]
16	8	4	7	20
1024	7.1201154172509	[ OK ]
16	8	4	9	2
1024	3.284340753267	[ OK ]
16	8	4	9	4
1024	4.8854897131415	[ OK ]
16	8	4	9	6
1024	6.2391764516992	[ OK ]
16	8	4	9	8
1024	8.0606529766145	[ OK ]
16	8	4	9	10
1024	6.8570962167092	[ OK ]
16	8	4	9	12
1024	8.3041394008626	[ OK ]
16	8	4	9	20
1024	9.0187270300946	[ OK ]
16	8	4	11	2
1024	3.3374220562332	[ OK ]
16	8	4	11	4
1024	5.9752980312684	[ OK ]
16	8	4	11	6
1024	6.3065452102898	[ OK ]
16	8	4	11	8
1024	8.0006043601164	[ OK ]
16	8	4	11	10
1024	10.378314195462	[ OK ]
16	8	4	11	12
1024	9.7382818515544	[ OK ]
16	8	4	11	20
1024	10.486384591839	[ OK ]
16	8	8	3	2
1024	4.6950000474377	[ OK ]
16	8	8	3	4
1024	3.6574407993781	[ OK ]
16	8	8	3	6
1024	2.5397494583484	[ OK ]
16	8	8	3	8
1024	2.5397585116808	[ OK ]
16	8	8	3	10
1024	2.3943132685594	[ OK ]
16	8	8	3	12
1024	2.6325005036661	[ OK ]
16	8	8	3	20
1024	2.1548537419298	[ OK ]
16	8	8	5	2
1024	2.6073344354831	[ OK ]
16	8	8	5	4
1024	3.6267848146606	[ OK ]
16	8	8	5	6
1024	6.9867848632328	[ OK ]
16	8	8	5	8
1024	4.0112698445207	[ OK ]
16	8	8	5	10
1024	4.1622941693519	[ OK ]
16	8	8	5	12
1024	4.0465248935972	[ OK ]
16	8	8	5	20
1024	3.3878677436231	[ OK ]
16	8	8	7	2
1024	3.5433418401022	[ OK ]
16	8	8	7	4
1024	5.0543485072752	[ OK ]
16	8	8	7	6
1024	6.6893555700303	[ OK ]
16	8	8	7	8
1024	5.5694674943798	[ OK ]
16	8	8	7	10
1024	6.0961368292212	[ OK ]
16	8	8	7	12
1024	5.3960014374295	[ OK ]
16	8	8	7	20
1024	5.8665230278669	[ OK ]
16	8	8	9	2
1024	3.3180514777841	[ OK ]
16	8	8	9	4
1024	4.9865229062163	[ OK ]
16	8	8	9	6
1024	6.6611213829167	[ OK ]
16	8	8	9	8
1024	6.7812788102635	[ OK ]
16	8	8	9	10
1024	8.4620372443918	[ OK ]
16	8	8	9	12
1024	6.7269925970577	[ OK ]
16	8	8	9	20
1024	8.3996799771623	[ OK ]
16	8	8	11	2
1024	3.128135517778	[ OK ]
16	8	8	11	4
1024	5.6710464642369	[ OK ]
16	8	8	11	6
1024	6.9541752886043	[ OK ]
16	8	8	11	8
1024	7.8170347942156	[ OK ]
16	8	8	11	10
1024	9.2543456568895	[ OK ]
16	8	8	11	12
1024	8.9787190547166	[ OK ]
16	8	8	11	20
1024	12.098518679157	[ OK ]
24	1	1	3	2
1008	5.4707142040207	[ OK ]
24	1	1	3	4
1008	4.4219858052815	[ OK ]
24	1	1	3	6
1008	5.043741428773	[ OK ]
24	1	1	3	8
1008	3.6481495475059	[ OK ]
24	1	1	3	10
1008	2.4701364338075	[ OK ]
24	1	1	3	12
1008	2.7823133332356	[ OK ]
24	1	1	3	20
1008	2.2287314894827	[ OK ]
24	1	1	5	2
1008	4.5345825544318	[ OK ]
24	1	1	5	4
1008	8.0036176718257	[ OK ]
24	1	1	5	6
1008	4.3418020193871	[ OK ]
24	1	1	5	8
1008	5.1057258605497	[ OK ]
24	1	1	5	10
1008	4.5644841032142	[ OK ]
24	1	1	5	12
1008	4.0280446402121	[ OK ]
24	1	1	5	20
1008	4.2761441692908	[ OK ]
24	1	1	7	2
1008	3.4679873919654	[ OK ]
24	1	1	7	4
1008	8.0239783158071	[ OK ]
24	1	1	7	6
1008	7.7953067959528	[ OK ]
24	1	1	7	8
1008	8.9118674793911	[ OK ]
24	1	1	7	10
1008	5.8894405304068	[ OK ]
24	1	1	7	12
1008	5.923899208246	[ OK ]
24	1	1	7	20
1008	7.0390437524512	[ OK ]
24	1	1	9	2
1008	3.7343779169031	[ OK ]
24	1	1	9	4
1008	6.7512259762601	[ OK ]
24	1	1	9	6
1008	8.9108704523546	[ OK ]
24	1	1	9	8
1008	7.3253589297035	[ OK ]
24	1	1	9	10
1008	8.5596281390071	[ OK ]
24	1	1	9	12
1008	7.906436080864	[ OK ]
24	1	1	9	20
1008	8.568049158327	[ OK ]
24	1	1	11	2
1008	3.843928115864	[ OK ]
24	1	1	11	4
1008	6.8643084197128	[ OK ]
24	1	1	11	6
1008	8.3502067183904	[ OK ]
24	1	1	11	8
1008	8.7461268101774	[ OK ]
24	1	1	11	10
1008	8.825310382548	[ OK ]
24	1	1	11	12
1008	9.7168142480828	[ OK ]
24	1	1	11	20
1008	10.727716179762	[ OK ]
24	1	2	3	2
1008	6.491845685429	[ OK ]
24	1	2	3	4
1008	6.7897125916717	[ OK ]
24	1	2	3	6
1008	5.1038278118912	[ OK ]
24	1	2	3	8
1008	4.0923247347243	[ OK ]
24	1	2	3	10
1008	2.2837667460829	[ OK ]
24	1	2	3	12
1008	2.8088343722828	[ OK ]
24	1	2	3	20
1008	2.5528725183671	[ OK ]
24	1	2	5	2
1008	6.9084765885756	[ OK ]
24	1	2	5	4
1008	11.574552564468	[ OK ]
24	1	2	5	6
1008	6.3531179568103	[ OK ]
24	1	2	5	8
1008	5.4949408459077	[ OK ]
24	1	2	5	10
1008	6.9995833104428	[ OK ]
24	1	2	5	12
1008	5.1115698476145	[ OK ]
24	1	2	5	20
1008	5.2991006945138	[ OK ]
24	1	2	7	2
1008	5.3107027358858	[ OK ]
24	1	2	7	4
1008	7.3224593417977	[ OK ]
24	1	2	7	6
1008	10.141568636708	[ OK ]
24	1	2	7	8
1008	8.1507472265997	[ OK ]
24	1	2	7	10
1008	6.9522957724642	[ OK ]
24	1	2	7	12
1008	7.3639813783185	[ OK ]
24	1	2	7	20
1008	7.8569464030411	[ OK ]
24	1	2	9	2
1008	6.5614254960089	[ OK ]
24	1	2	9	4
1008	9.6510793002313	[ OK ]
24	1	2	9	6
1008	9.8129474419019	[ OK ]
24	1	2	9	8
1008	10.874021007971	[ OK ]
24	1	2	9	10
1008	12.108167441669	[ OK ]
24	1	2	9	12
1008	10.278649413985	[ OK ]
24	1	2	9	20
1008	10.868127580884	[ OK ]
24	1	2	11	2
1008	6.535913683583	[ OK ]
24	1	2	11	4
1008	9.3679915566589	[ OK ]
24	1	2	11	6
1008	10.687091324675	[ OK ]
24	1	2	11	8
1008	12.116152190653	[ OK ]
24	1	2	11	10
1008	12.18767171629	[ OK ]
24	1	2	11	12
1008	12.615086178345	[ OK ]
24	1	2	11	20
1008	12.857965273928	[ OK ]
24	1	4	3	2
1008	6.5563483288298	[ OK ]
24	1	4	3	4
1008	6.477335511349	[ OK ]
24	1	4	3	6
1008	4.0263392829717	[ OK ]
24	1	4	3	8
1008	3.6469824136374	[ OK ]
24	1	4	3	10
1008	3.3577546021875	[ OK ]
24	1	4	3	12
1008	2.9520118151865	[ OK ]
24	1	4	3	20
1008	3.1890438646079	[ OK ]
24	1	4	5	2
1008	6.1917339247777	[ OK ]
24	1	4	5	4
1008	10.51427576204	[ OK ]
24	1	4	5	6
1008	8.4332164755044	[ OK ]
24	1	4	5	8
1008	5.6435969976882	[ OK ]
24	1	4	5	10
1008	8.0908941907962	[ OK ]
24	1	4	5	12
1008	5.6668934854405	[ OK ]
24	1	4	5	20
1008	5.039521339104	[ OK ]
24	1	4	7	2
1008	5.8750458155222	[ OK ]
24	1	4	7	4
1008	7.1635133474747	[ OK ]
24	1	4	7	6
1008	6.7967107451398	[ OK ]
24	1	4	7	8
1008	6.8729200230079	[ OK ]
24	1	4	7	10
1008	7.8489533002887	[ OK ]
24	1	4	7	12
1008	7.2805567102016	[ OK ]
24	1	4	7	20
1008	7.2266298954769	[ OK ]
24	1	4	9	2
1008	6.3092673690057	[ OK ]
24	1	4	9	4
1008	11.355858086822	[ OK ]
24	1	4	9	6
1008	8.1667092968541	[ OK ]
24	1	4	9	8
1008	9.4863435884974	[ OK ]
24	1	4	9	10
1008	11.343343900158	[ OK ]
24	1	4	9	12
1008	10.914862977936	[ OK ]
24	1	4	9	20
1008	10.068318880723	[ OK ]
24	1	4	11	2
1008	6.3459760504667	[ OK ]
24	1	4	11	4
1008	13.298536252143	[ OK ]
24	1	4	11	6
1008	10.620313817496	[ OK ]
24	1	4	11	8
interrupted!
stack traceback:
	[builtin#18]: at 0x0076bfe0
	[C]: in function 'codegen'
	src/terralib.lua:250: in function 'finish'
	src/terralib.lua:3530: in function 'typecheck'
	src/terralib.lua:276: in function 'referencefunction'
	src/terralib.lua:2210: in function 'fn'
	src/terralib.lua:171: in function 'map'
	src/terralib.lua:2936: in function 'fn'
	src/terralib.lua:171: in function 'map'
	src/terralib.lua:2697: in function 'checkstmt'
	src/terralib.lua:3343: in function 'checkstmt'
	src/terralib.lua:3406: in function 'fn'
	src/terralib.lua:171: in function 'map'
	src/terralib.lua:2697: in function 'checkstmt'
	src/terralib.lua:3343: in function 'checkstmt'
	src/terralib.lua:3493: in function 'typecheck'
	src/terralib.lua:551: in function 'emitllvm'
	src/terralib.lua:534: in function 'compile'
	convolution.lua:389: in main chunk
