16	1	1	1	3	3
[OK] Time: 0.00016099852318737

  b: 16
  rn: 1
  gflops: 0.34345656659004
  f: 3
  v: 1
  rm: 1
  k: 3
16	1	1	2	3	3
[OK] Time: 0.00013903545008765

  b: 16
  rn: 1
  gflops: 0.39771151864607
  f: 3
  v: 2
  rm: 1
  k: 3
16	1	1	4	3	3
[OK] Time: 0.00013969697099824
16	1	1	8	3	3
[OK] Time: 0.00012638534237445

  b: 16
  rn: 1
  gflops: 0.43751909011861
  f: 3
  v: 8
  rm: 1
  k: 3
16	1	2	1	3	3
[OK] Time: 0.00010940675333981

  b: 16
  rn: 2
  gflops: 0.50541669789115
  f: 3
  v: 1
  rm: 1
  k: 3
16	1	2	2	3	3
[OK] Time: 0.00011659724451167
16	1	2	4	3	3
[OK] Time: 0.0001118696509325
16	1	2	8	3	3
[OK] Time: 0.00011227106807208
16	1	4	1	3	3
[OK] Time: 0.00012739873995447
16	1	4	2	3	3
[OK] Time: 0.00013790847021165
16	1	4	4	3	3
[OK] Time: 0.00014011482564675
16	1	4	8	3	3
[OK] Time: 0.00013986850951935
16	2	1	1	3	3
[OK] Time: 0.00013732942883577
16	2	1	2	3	3
[OK] Time: 0.00013702389312117
16	2	1	4	3	3
[OK] Time: 0.00013861884198417
16	2	1	8	3	3
[OK] Time: 0.00015996876571009
16	2	2	1	3	3
[OK] Time: 0.00013479100404724
16	2	2	2	3	3
[OK] Time: 0.00013481140779356
16	2	2	4	3	3
[OK] Time: 0.00013570691707823
16	2	2	8	3	3
[OK] Time: 0.00013132370856743
16	2	4	1	3	3
[OK] Time: 0.00013412259539075
16	2	4	2	3	3
[OK] Time: 0.0001365115502684
16	2	4	4	3	3
[OK] Time: 0.0001301397808822
16	2	4	8	3	3
[OK] Time: 0.00015477569916409
16	4	1	1	3	3
[OK] Time: 0.00014371690393864
16	4	1	2	3	3
[OK] Time: 0.00015087853541658
16	4	1	4	3	3
[OK] Time: 0.0001465332813752
16	4	1	8	3	3
[OK] Time: 0.00014916255703442
16	4	2	1	3	3
[OK] Time: 0.00010880586438493

  b: 16
  rn: 2
  gflops: 0.50820790140848
  f: 3
  v: 1
  rm: 4
  k: 3
16	4	2	2	3	3
[OK] Time: 0.00010931908758612
16	4	2	4	3	3
[OK] Time: 0.00011130552127352
16	4	2	8	3	3
[OK] Time: 0.00011715690760199
16	4	4	1	3	3
[OK] Time: 0.00013056467469616
16	4	4	2	3	3
[OK] Time: 0.00013247215195207
16	4	4	4	3	3
[OK] Time: 0.00012743822328604
16	4	4	8	3	3
[OK] Time: 0.00012484343440103
20	1	1	1	3	3
[OK] Time: 0.00013289698566574
20	1	1	2	3	3
[OK] Time: 0.00016005764007568
20	1	1	4	3	3
[OK] Time: 0.00015793697233734
20	1	1	8	3	3
[OK] Time: 0.00016264954233557
20	1	2	1	3	3
[OK] Time: 0.00015802989827136
20	1	2	2	3	3
[OK] Time: 0.00016220604029498
20	1	2	4	3	3
[OK] Time: 0.00016645345830679
20	1	2	8	3	3
[OK] Time: 0.00016237330901158
20	1	4	1	3	3
[OK] Time: 0.00015828635873674
20	1	4	2	3	3
[OK] Time: 0.00016279740484872
20	1	4	4	3	3
[OK] Time: 0.00016162526434188
20	1	4	8	3	3
[OK] Time: 0.00016675094763438
20	2	1	1	3	3
[OK] Time: 0.00016092103235394
20	2	1	2	3	3
[OK] Time: 0.00016019934172436
20	2	1	4	3	3
[OK] Time: 0.00015718470571178
20	2	1	8	3	3
[OK] Time: 0.0001605571177377
20	2	2	1	3	3
[OK] Time: 0.00016294939121905
20	2	2	2	3	3
[OK] Time: 0.00016230001550135
20	2	2	4	3	3
[OK] Time: 0.00015914240998698
20	2	2	8	3	3
[OK] Time: 0.00015672110166975
20	2	4	1	3	3
[OK] Time: 0.00016414933365031
20	2	4	2	3	3
[OK] Time: 0.00015823411036141
20	2	4	4	3	3
[OK] Time: 0.0001629901631259
20	2	4	8	3	3
[OK] Time: 0.00015910978628324
20	4	1	1	3	3
[OK] Time: 0.00015791156862134
20	4	1	2	3	3
[OK] Time: 0.00015930252470029
20	4	1	4	3	3
[OK] Time: 0.00015635378658772
20	4	1	8	3	3
[OK] Time: 0.00016198138959012
20	4	2	1	3	3
[OK] Time: 0.00016465442170822
20	4	2	2	3	3
[OK] Time: 0.00015993446087856
20	4	2	4	3	3
[OK] Time: 0.00016009845733643
20	4	2	8	3	3
[OK] Time: 0.00014658166375352
20	4	4	1	3	3
[OK] Time: 0.00016116289051188
20	4	4	2	3	3
[OK] Time: 0.00016271137609714
20	4	4	4	3	3
[OK] Time: 0.00016337628267249
20	4	4	8	3	3
[OK] Time: 0.00016022892929822
32	1	1	1	3	3
[OK] Time: 0.00026491142454601
32	1	1	2	3	3
[OK] Time: 0.00024373348389415
32	1	1	4	3	3
[OK] Time: 0.00024258902578643
32	1	1	8	3	3
[OK] Time: 0.00025277787988836
32	1	2	1	3	3
[OK] Time: 0.00025175862342307
32	1	2	2	3	3
[OK] Time: 0.00024654918116302
32	1	2	4	3	3
[OK] Time: 0.00024476756676485
32	1	2	8	3	3
[OK] Time: 0.00023849928336433
32	1	4	1	3	3
[OK] Time: 0.00025183419761418
32	1	4	2	3	3
[OK] Time: 0.000244841873281
32	1	4	4	3	3
[OK] Time: 0.00024179473591312
32	1	4	8	3	3
[OK] Time: 0.00025466683560049
32	2	1	1	3	3
[OK] Time: 0.00024766083991173
32	2	1	2	3	3
[OK] Time: 0.00024464806601004
32	2	1	4	3	3
[OK] Time: 0.00024983647759636
32	2	1	8	3	3
[OK] Time: 0.00024182583398865
32	2	2	1	3	3
[OK] Time: 0.00024174031428093
32	2	2	2	3	3
[OK] Time: 0.00025395451463419
32	2	2	4	3	3
[OK] Time: 0.00024232304413729
32	2	2	8	3	3
[OK] Time: 0.00025110143041671
32	2	4	1	3	3
[OK] Time: 0.00024405950453223
32	2	4	2	3	3
[OK] Time: 0.00024326487850592
32	2	4	4	3	3
[OK] Time: 0.00024460026570812
32	2	4	8	3	3
[OK] Time: 0.00023512470456044
32	4	1	1	3	3
[OK] Time: 0.00025492352285203
32	4	1	2	3	3
[OK] Time: 0.00024767706889917
32	4	1	4	3	3
[OK] Time: 0.00024815232818831
32	4	1	8	3	3
[OK] Time: 0.00024218536173749
32	4	2	1	3	3
[OK] Time: 0.0002527902222643
32	4	2	2	3	3
[OK] Time: 0.00023501159999292
32	4	2	4	3	3
[OK] Time: 0.00025667960827167
32	4	2	8	3	3
[OK] Time: 0.00024674588449198
32	4	4	1	3	3
[OK] Time: 0.00024788589430269
32	4	4	2	3	3
[OK] Time: 0.00024836116629854
32	4	4	4	3	3
[OK] Time: 0.00024996000282773
32	4	4	8	3	3
[OK] Time: 0.00025025874376297
16	1	1	1	3	7
[OK] Time: 0.00026180357209051
16	1	1	2	3	7
[OK] Time: 0.00018055602531571

  b: 16
  rn: 1
  gflops: 0.7145926023482
  f: 7
  v: 2
  rm: 1
  k: 3
16	1	1	4	3	7
[OK] Time: 0.00020349935258029
16	1	1	8	3	7
[OK] Time: 0.0001889499884039
16	1	2	1	3	7
[OK] Time: 0.00020629671431079
16	1	2	2	3	7
[OK] Time: 0.00022908479179889
16	1	2	4	3	7
[OK] Time: 0.00021056953229402
16	1	2	8	3	7
[OK] Time: 0.00017208757835119

  b: 16
  rn: 2
  gflops: 0.74975777587323
  f: 7
  v: 8
  rm: 1
  k: 3
16	1	4	1	3	7
[OK] Time: 0.00022508108441553
16	1	4	2	3	7
[OK] Time: 0.0001327173553244

  b: 16
  rn: 4
  gflops: 0.97217127092854
  f: 7
  v: 2
  rm: 1
  k: 3
16	1	4	4	3	7
[OK] Time: 0.0001343007055705
16	1	4	8	3	7
[OK] Time: 0.00018447467258998
16	2	1	1	3	7
[OK] Time: 0.00019546877592802
16	2	1	2	3	7
[OK] Time: 0.00019127916879453
16	2	1	4	3	7
[OK] Time: 0.00020937665237044
16	2	1	8	3	7
[OK] Time: 0.00018356874448444
16	2	2	1	3	7
[OK] Time: 0.00021513328757337
16	2	2	2	3	7
[OK] Time: 0.00013776587389061
16	2	2	4	3	7
[OK] Time: 0.00014500859854878
16	2	2	8	3	7
[OK] Time: 0.00014874784476695
16	2	4	1	3	7
[OK] Time: 0.0001742561519769
16	2	4	2	3	7
[OK] Time: 0.00018145404722295
16	2	4	4	3	7
[OK] Time: 0.00019089502232675
16	2	4	8	3	7
[OK] Time: 0.00021595373637211
16	4	1	1	3	7
[OK] Time: 0.00020196676013689
16	4	1	2	3	7
[OK] Time: 0.00019395455270861
16	4	1	4	3	7
[OK] Time: 0.00015311635169895
16	4	1	8	3	7
[OK] Time: 0.00014871150587571
16	4	2	1	3	7
[OK] Time: 0.00013020632712191

  b: 16
  rn: 2
  gflops: 0.99091958779542
  f: 7
  v: 1
  rm: 4
  k: 3
16	4	2	2	3	7
[OK] Time: 0.00014109234883856
16	4	2	4	3	7
[OK] Time: 0.00017375602490372
16	4	2	8	3	7
[OK] Time: 0.00018984543078312
16	4	4	1	3	7
[OK] Time: 0.00020759011699946
16	4	4	2	3	7
[OK] Time: 0.00019366997370761
16	4	4	4	3	7
[OK] Time: 0.00017916121009
16	4	4	8	3	7
[OK] Time: 0.00014222252851864
20	1	1	1	3	7
[OK] Time: 0.00010022096977922
20	1	1	2	3	7
[OK] Time: 0.00010500792756168
20	1	1	4	3	7
[OK] Time: 0.00010765561246513
20	1	1	8	3	7
[OK] Time: 0.0001392294818026
20	1	2	1	3	7
[OK] Time: 9.5353226529859e-05
20	1	2	2	3	7
[OK] Time: 9.9563717249021e-05
20	1	2	4	3	7
[OK] Time: 0.00019215186207943
20	1	2	8	3	7
[OK] Time: 0.00018622178161166
20	1	4	1	3	7
[OK] Time: 0.00019037576089237
20	1	4	2	3	7
[OK] Time: 0.00018319607654334
20	1	4	4	3	7
[OK] Time: 0.00013642060813566
20	1	4	8	3	7
[OK] Time: 0.00014625306715045
20	2	1	1	3	7
[OK] Time: 0.00014388141316703
20	2	1	2	3	7
[OK] Time: 0.00019530738272318
20	2	1	4	3	7
[OK] Time: 0.00020271328324122
20	2	1	8	3	7
[OK] Time: 0.00020195569328054
20	2	2	1	3	7
[OK] Time: 0.00019785865006414
20	2	2	2	3	7
[OK] Time: 0.00019622456793692
20	2	2	4	3	7
[OK] Time: 0.00019736097174048
20	2	2	8	3	7
[OK] Time: 0.00019879161186938
20	2	4	1	3	7
[OK] Time: 0.0002008585566019
20	2	4	2	3	7
[OK] Time: 0.0001942465606245
20	2	4	4	3	7
[OK] Time: 0.00019848133836474
20	2	4	8	3	7
[OK] Time: 0.00019818414555918
20	4	1	1	3	7
[OK] Time: 0.00020159503364371
20	4	1	2	3	7
[OK] Time: 0.00019577104751378
20	4	1	4	3	7
[OK] Time: 0.00019017190534352
20	4	1	8	3	7
[OK] Time: 0.0001969379702891
20	4	2	1	3	7
[OK] Time: 0.00019858730217767
20	4	2	2	3	7
[OK] Time: 0.00019242029923659
20	4	2	4	3	7
[OK] Time: 0.00019628564087753
20	4	2	8	3	7
[OK] Time: 0.00019586506188499
20	4	4	1	3	7
[OK] Time: 0.00020020621436256
20	4	4	2	3	7
[OK] Time: 0.00019507984436511
20	4	4	4	3	7
[OK] Time: 0.0001963738487326
20	4	4	8	3	7
[OK] Time: 0.00020072811704462
32	1	1	1	3	7
[OK] Time: 0.00033255114507834
32	1	1	2	3	7
[OK] Time: 0.00035687903881923
32	1	1	4	3	7
[OK] Time: 0.00034191136474089
32	1	1	8	3	7
[OK] Time: 0.00032989118598046
32	1	2	1	3	7
[OK] Time: 0.00034016857341844
32	1	2	2	3	7
[OK] Time: 0.00032356366972546
32	1	2	4	3	7
[OK] Time: 0.00034618336436658
32	1	2	8	3	7
[OK] Time: 0.00035388014763067
32	1	4	1	3	7
[OK] Time: 0.00033558113890477
32	1	4	2	3	7
[OK] Time: 0.00035367525023338
32	1	4	4	3	7
[OK] Time: 0.00033848862559259
32	1	4	8	3	7
[OK] Time: 0.00034127934015589
32	2	1	1	3	7
[OK] Time: 0.0003339249224018
32	2	1	2	3	7
[OK] Time: 0.00035782278330467
32	2	1	4	3	7
[OK] Time: 0.00033260975961273
32	2	1	8	3	7
[OK] Time: 0.00034349246867525
32	2	2	1	3	7
[OK] Time: 0.00033370693524679
32	2	2	2	3	7
[OK] Time: 0.00033111572265625
32	2	2	4	3	7
[OK] Time: 0.00034684572930559
32	2	2	8	3	7
[OK] Time: 0.00031890762839348
32	2	4	1	3	7
[OK] Time: 0.00035753037248339
32	2	4	2	3	7
[OK] Time: 0.00033534511649229
32	2	4	4	3	7
[OK] Time: 0.00034927905750108
32	2	4	8	3	7
[OK] Time: 0.00034005451688135
32	4	1	1	3	7
[OK] Time: 0.0003439827063649
32	4	1	2	3	7
[OK] Time: 0.00035942906323198
32	4	1	4	3	7
[OK] Time: 0.00033878674967035
32	4	1	8	3	7
[OK] Time: 0.00034341313213263
32	4	2	1	3	7
[OK] Time: 0.00033092065290971
32	4	2	2	3	7
[OK] Time: 0.00034965104041507
32	4	2	4	3	7
[OK] Time: 0.00035038846177938
32	4	2	8	3	7
[OK] Time: 0.00033561055292219
32	4	4	1	3	7
[OK] Time: 0.00033238203422572
32	4	4	2	3	7
[OK] Time: 0.00033883758002731
32	4	4	4	3	7
[OK] Time: 0.00033537506857509
32	4	4	8	3	7
[OK] Time: 0.00034600712474764
16	1	1	1	3	13
[OK] Time: 0.00036981894657043
16	1	1	2	3	13
[OK] Time: 0.00030164474464325
16	1	1	4	3	13
[OK] Time: 0.00035928010512511
16	1	1	8	3	13
[OK] Time: 0.0003197094122061
16	1	2	1	3	13
[OK] Time: 0.00032120378595294
16	1	2	2	3	13
[OK] Time: 0.00033573656274168
16	1	2	4	3	13
[OK] Time: 0.00037971771124637
16	1	2	8	3	13
[OK] Time: 0.00034678540155421
16	1	4	1	3	13
[OK] Time: 0.00033677788294526
16	1	4	2	3	13
[OK] Time: 0.00032791466009421
16	1	4	4	3	13
[OK] Time: 0.00032601954494315
16	1	4	8	3	13
[OK] Time: 0.00034436137253569
16	2	1	1	3	13
[OK] Time: 0.00034498140729707
16	2	1	2	3	13
[OK] Time: 0.00035542620223538
16	2	1	4	3	13
[OK] Time: 0.00032617292497368
16	2	1	8	3	13
[OK] Time: 0.00033144366662234
16	2	2	1	3	13
[OK] Time: 0.00034595194669997
16	2	2	2	3	13
[OK] Time: 0.00033101326177928
16	2	2	4	3	13
[OK] Time: 0.00027778806699628
16	2	2	8	3	13
[OK] Time: 0.00029574328018256
16	2	4	1	3	13
[OK] Time: 0.00027508100310525
16	2	4	2	3	13
[OK] Time: 0.00029371838562639
16	2	4	4	3	13
[OK] Time: 0.00035868665223481
16	2	4	8	3	13
[OK] Time: 0.0003627119720846
16	4	1	1	3	13
[OK] Time: 0.0003471370379681
16	4	1	2	3	13
[OK] Time: 0.00032285951798962
16	4	1	4	3	13
[OK] Time: 0.00030185374379338
16	4	1	8	3	13
[OK] Time: 0.00029623085225122
16	4	2	1	3	13
[OK] Time: 0.00032384958853614
16	4	2	2	3	13
[OK] Time: 0.00026731497455184
16	4	2	4	3	13
[OK] Time: 0.00030093838397722
16	4	2	8	3	13
[OK] Time: 0.00023528803949771

  b: 16
  rn: 2
  gflops: 1.018394307299
  f: 13
  v: 8
  rm: 4
  k: 3
16	4	4	1	3	13
[OK] Time: 0.00030174837932328
16	4	4	2	3	13
[OK] Time: 0.00028444183143702
16	4	4	4	3	13
[OK] Time: 0.00022231658299764

  b: 16
  rn: 4
  gflops: 1.0778143347163
  f: 13
  v: 4
  rm: 4
  k: 3
16	4	4	8	3	13
[OK] Time: 0.00032061920166016
20	1	1	1	3	13
[OK] Time: 0.00023165621139385
20	1	1	2	3	13
[OK] Time: 0.00024412695954486
20	1	1	4	3	13
[OK] Time: 0.00023825934955052
20	1	1	8	3	13
[OK] Time: 0.00023288610234111
20	1	2	1	3	13
[OK] Time: 0.0002387696632622
20	1	2	2	3	13
[OK] Time: 0.00023190254131861
20	1	2	4	3	13
[OK] Time: 0.00023020946252469
20	1	2	8	3	13
[OK] Time: 0.00023593964441767
20	1	4	1	3	13
[OK] Time: 0.00023776958220928
20	1	4	2	3	13
[OK] Time: 0.00022886383178851
20	1	4	4	3	13
[OK] Time: 0.00024021029615459
20	1	4	8	3	13
[OK] Time: 0.00023483194655656
20	2	1	1	3	13
[OK] Time: 0.00023908113778136
20	2	1	2	3	13
[OK] Time: 0.00023608612564375
20	2	1	4	3	13
[OK] Time: 0.00023366831173407
20	2	1	8	3	13
[OK] Time: 0.00023230886071678
20	2	2	1	3	13
[OK] Time: 0.00023507763720287
20	2	2	2	3	13
[OK] Time: 0.0002429647353089
20	2	2	4	3	13
[OK] Time: 0.00023589634670402
20	2	2	8	3	13
[OK] Time: 0.00024121554501085
20	2	4	1	3	13
[OK] Time: 0.00023647515768137
20	2	4	2	3	13
[OK] Time: 0.00023296048671736
20	2	4	4	3	13
[OK] Time: 0.0002347533131989
20	2	4	8	3	13
[OK] Time: 0.00024343175029523
20	4	1	1	3	13
[OK] Time: 0.00022852747407678
20	4	1	2	3	13
[OK] Time: 0.00024194440645635
20	4	1	4	3	13
[OK] Time: 0.00023058290305775
20	4	1	8	3	13
[OK] Time: 0.00023252734185373
20	4	2	1	3	13
[OK] Time: 0.00023492261277678
20	4	2	2	3	13
[OK] Time: 0.00023692768706373
20	4	2	4	3	13
[OK] Time: 0.00024088682824237
20	4	2	8	3	13
[OK] Time: 0.00023681792987169
20	4	4	1	3	13
[OK] Time: 0.00023424597478862
20	4	4	2	3	13
[OK] Time: 0.00023283003650528
20	4	4	4	3	13
[OK] Time: 0.00023587160515335
20	4	4	8	3	13
[OK] Time: 0.00023350749021372
32	1	1	1	3	13
[OK] Time: 0.00062000862216064
32	1	1	2	3	13
[OK] Time: 0.00055761589645343
32	1	1	4	3	13
[OK] Time: 0.00058436463247583
32	1	1	8	3	13
[OK] Time: 0.00068209122638313
32	1	2	1	3	13
[OK] Time: 0.00060268338904323
32	1	2	2	3	13
[OK] Time: 0.00063034273543448
32	1	2	4	3	13
[OK] Time: 0.00060711195974639
32	1	2	8	3	13
[OK] Time: 0.00061361921345529
32	1	4	1	3	13
[OK] Time: 0.0005886435508728
32	1	4	2	3	13
[OK] Time: 0.0006035422704306
32	1	4	4	3	13
[OK] Time: 0.00061041116714478
32	1	4	8	3	13
[OK] Time: 0.00063932284760399
32	2	1	1	3	13
[OK] Time: 0.00061577870295598
32	2	1	2	3	13
[OK] Time: 0.00059466192205865
32	2	1	4	3	13
[OK] Time: 0.00062406545858888
32	2	1	8	3	13
[OK] Time: 0.00061338538423591
32	2	2	1	3	13
[OK] Time: 0.00060579423817983
32	2	2	2	3	13
[OK] Time: 0.00061399366226664
32	2	2	4	3	13
[OK] Time: 0.00061979234772201
32	2	2	8	3	13
[OK] Time: 0.0006100826147126
32	2	4	1	3	13
[OK] Time: 0.00061179228149787
32	2	4	2	3	13
[OK] Time: 0.00057720725749343
32	2	4	4	3	13
[OK] Time: 0.00062665939331055
32	2	4	8	3	13
[OK] Time: 0.00061423646891775
32	4	1	1	3	13
[OK] Time: 0.00060847682431114
32	4	1	2	3	13
[OK] Time: 0.0006037835615227
32	4	1	4	3	13
[OK] Time: 0.00063389237922958
32	4	1	8	3	13
[OK] Time: 0.00056420850082183
32	4	2	1	3	13
[OK] Time: 0.00060514524984216
32	4	2	2	3	13
[OK] Time: 0.00060633673812404
32	4	2	4	3	13
[OK] Time: 0.00062870530872883
32	4	2	8	3	13
[OK] Time: 0.00061371501969414
32	4	4	1	3	13
[OK] Time: 0.000587468972304
32	4	4	2	3	13
[OK] Time: 0.00057630429322692
32	4	4	4	3	13
[OK] Time: 0.00060858335176137
32	4	4	8	3	13
[OK] Time: 0.00062285372929543
