16	1	1	1
1024	0.0088749553846276

  b: 16
  rn: 1
  gflops: 0.0088749553846276
  v: 1
  rm: 1
16	1	2	1
1024	0.0096057142530169

  b: 16
  rn: 2
  gflops: 0.0096057142530169
  v: 1
  rm: 1
16	1	4	1
1024	0.0090864326642907
16	2	1	1
1024	0.0093566396019676
16	2	2	1
1024	0.0060516175101785
16	2	4	1
1024	0.0057994025094169
16	4	1	1
1024	0.0053256812848543
16	4	2	1
1024	0.0051373824095115
16	4	4	1
1024	0.0052166657570081
24	1	1	1
1008	0.0047277905220209
24	1	2	1
1008	0.0043788008067919
24	1	4	1
1008	0.0043902397155762
24	2	1	1
1008	0.0043846938921058
24	2	2	1
1008	0.0043899546498838
24	2	4	1
1008	0.0046617707540823
24	4	1	1
1008	0.0044035652409429
24	4	2	1
1008	0.0044017822846122
24	4	4	1
1008	0.0044858879513211
32	1	1	1
1024	0.0055612259440952
32	1	2	1
1024	0.0057370322091239
32	1	4	1
1024	0.0056426392661201
32	2	1	1
1024	0.0064631277515042
32	2	2	1
1024	0.0055751403172811
32	2	4	1
1024	0.0057171140398298
32	4	1	1
1024	0.0058314255305699
32	4	2	1
1024	0.0057016942236159
32	4	4	1
1024	0.0059482069576488
40	1	1	1
1000	0.0055576099289788
40	1	2	1
1000	0.0053912401199341
40	1	4	1
1000	0.0049780229242837
40	1	5	1
1000	0.0049777845057046
40	2	1	1
1000	0.0049657821655273
40	2	2	1
1000	0.0050489544868469
40	2	4	1
1000	0.004968730414786
40	2	5	1
1000	0.0051005959510803
40	4	1	1
1000	0.0051153004169464
40	4	2	1
1000	0.0049684105849848
40	4	4	1
1000	0.0049832972084604
40	4	5	1
1000	0.0049689746484524
40	5	1	1
1000	0.0050462484359741
40	5	2	1
1000	0.0050166010856628
40	5	4	1
1000	0.005054098367691
40	5	5	1
1000	0.0050312221050262
48	1	1	1
1008	0.0051170229911804
48	1	2	1
1008	0.0053022911674098
48	1	4	1
1008	0.0053352117538452
48	2	1	1
1008	0.0051757922539344
48	2	2	1
1008	0.0051619211832682
48	2	4	1
1008	0.0051366427005866
48	4	1	1
1008	0.0054114058211043
48	4	2	1
1008	0.0051522071544941
48	4	4	1
1008	0.0052137925074651
56	1	1	1
1008	0.0052655245128431
56	1	2	1
1008	0.0052207433260404
56	1	4	1
1008	0.0052428184411465
56	2	1	1
1008	0.0051351571694399
56	2	2	1
1008	0.0051249206066132
56	2	4	1
1008	0.0051291783650716
56	4	1	1
1008	0.0051769965734237
56	4	2	1
1008	0.0052580222105369
56	4	4	1
1008	0.0051281273365021
64	1	1	1
1024	0.0057526520320347
64	1	2	1
1024	0.0057582037789481
64	1	4	1
1024	0.0061792171362675
64	2	1	1
1024	0.0057248319898333
64	2	2	1
1024	0.0057991709027972
64	2	4	1
1024	0.0058195999690465
64	4	1	1
1024	0.0057679993765695
64	4	2	1
1024	0.005834858758109
64	4	4	1
1024	0.0057854311806815
