16	1	1	1	3	3	0.0017477035522461
16	1	1	2	3	3	0.0014966011047363
16	1	1	4	3	3	0.0014638900756836
16	1	1	8	3	3	0.0009666919708252
16	1	2	1	3	3	0.0010228872299194
16	1	2	2	3	3	0.0015306949615479
16	1	2	4	3	3	0.00088009834289551
16	1	2	8	3	3	0.0010544061660767
16	1	4	1	3	3	0.0012694120407104
16	1	4	2	3	3	0.0012487173080444
16	1	4	4	3	3	0.0012737989425659
16	1	4	8	3	3	0.0014707088470459
16	2	1	1	3	3	0.0010504961013794
16	2	1	2	3	3	0.00096149444580078
16	2	1	4	3	3	0.0014076948165894
16	2	1	8	3	3	0.0013335943222046
16	2	2	1	3	3	0.00087699890136719
16	2	2	2	3	3	0.00157310962677
16	2	2	4	3	3	0.0016153812408447
16	2	2	8	3	3	0.0017069101333618
16	2	4	1	3	3	0.0010058879852295
16	2	4	2	3	3	0.001592493057251
16	2	4	4	3	3	0.00095350742340088
16	2	4	8	3	3	0.0011327028274536
16	4	1	1	3	3	0.0020087003707886
16	4	1	2	3	3	0.0012840986251831
16	4	1	4	3	3	0.0019912004470825
16	4	1	8	3	3	0.00099360942840576
16	4	2	1	3	3	0.0016361951828003
16	4	2	2	3	3	0.0010650873184204
16	4	2	4	3	3	0.0010547161102295
16	4	2	8	3	3	0.001951003074646
16	4	4	1	3	3	0.0011549949645996
16	4	4	2	3	3	0.0013891935348511
16	4	4	4	3	3	0.0016146898269653
16	4	4	8	3	3	0.0011209011077881
20	1	1	1	3	3	0.0011919975280762
20	1	1	2	3	3	0.00084760189056396
20	1	1	4	3	3	0.00081560611724854
20	1	1	8	3	3	0.0010308980941772
20	1	2	1	3	3	0.00093870162963867
20	1	2	2	3	3	0.00082898139953613
20	1	2	4	3	3	0.00098879337310791
20	1	2	8	3	3	0.00079679489135742
20	1	4	1	3	3	0.00098810195922852
20	1	4	2	3	3	0.0017299175262451
20	1	4	4	3	3	0.0011132001876831
20	1	4	8	3	3	0.00091679096221924
20	2	1	1	3	3	0.0015198945999146
20	2	1	2	3	3	0.0018080949783325
20	2	1	4	3	3	0.001808500289917
20	2	1	8	3	3	0.00081839561462402
20	2	2	1	3	3	0.0010751008987427
20	2	2	2	3	3	0.0015513896942139
20	2	2	4	3	3	0.0014749050140381
20	2	2	8	3	3	0.00078909397125244
20	2	4	1	3	3	0.0016353130340576
20	2	4	2	3	3	0.0013128042221069
20	2	4	4	3	3	0.00092599391937256
20	2	4	8	3	3	0.0010356903076172
20	4	1	1	3	3	0.0015072822570801
20	4	1	2	3	3	0.0011386871337891
20	4	1	4	3	3	0.001164698600769
20	4	1	8	3	3	0.0011690139770508
20	4	2	1	3	3	0.0014910936355591
20	4	2	2	3	3	0.00082519054412842
20	4	2	4	3	3	0.0019762992858887
20	4	2	8	3	3	0.00087599754333496
20	4	4	1	3	3	0.00087659358978271
20	4	4	2	3	3	0.00098469257354736
20	4	4	4	3	3	0.0008897066116333
20	4	4	8	3	3	0.0018466949462891
32	1	1	1	3	3	0.001617693901062
32	1	1	2	3	3	0.0020833015441895
32	1	1	4	3	3	0.00089180469512939
32	1	1	8	3	3	0.001538610458374
32	1	2	1	3	3	0.0011365175247192
32	1	2	2	3	3	0.00099880695343018
32	1	2	4	3	3	0.00089809894561768
32	1	2	8	3	3	0.00092439651489258
32	1	4	1	3	3	0.0012917995452881
32	1	4	2	3	3	0.0017292976379395
32	1	4	4	3	3	0.0020684957504272
32	1	4	8	3	3	0.0012663125991821
32	2	1	1	3	3	0.0010216951370239
32	2	1	2	3	3	0.001325511932373
32	2	1	4	3	3	0.0014836072921753
32	2	1	8	3	3	0.00093159675598145
32	2	2	1	3	3	0.00094411373138428
32	2	2	2	3	3	0.0011451959609985
32	2	2	4	3	3	0.0011971950531006
32	2	2	8	3	3	0.00094130039215088
32	2	4	1	3	3	0.00096921920776367
32	2	4	2	3	3	0.0013329029083252
32	2	4	4	3	3	0.00090968608856201
32	2	4	8	3	3	0.00092020034790039
32	4	1	1	3	3	0.0010058879852295
32	4	1	2	3	3	0.0012185096740723
32	4	1	4	3	3	0.0015951871871948
32	4	1	8	3	3	0.0015239000320435
32	4	2	1	3	3	0.0010837078094482
32	4	2	2	3	3	0.0011553049087524
32	4	2	4	3	3	0.00098409652709961
32	4	2	8	3	3	0.00090620517730713
32	4	4	1	3	3	0.0016121864318848
32	4	4	2	3	3	0.0016420125961304
32	4	4	4	3	3	0.00088181495666504
32	4	4	8	3	3	0.0010013103485107
16	1	1	1	7	3	0.0054238080978394
16	1	1	2	7	3	0.0069314002990723
16	1	1	4	7	3	0.0062523126602173
16	1	1	8	7	3	0.0066962957382202
16	1	2	1	7	3	0.0063149213790894
16	1	2	2	7	3	0.0076873064041138
16	1	2	4	7	3	0.0059772968292236
16	1	2	8	7	3	0.005851411819458
16	1	4	1	7	3	0.0057548046112061
16	1	4	2	7	3	0.0073418855667114
16	1	4	4	7	3	0.0051970958709717
16	1	4	8	7	3	0.0028210878372192
16	2	1	1	7	3	0.0026955127716064
16	2	1	2	7	3	0.0029780149459839
16	2	1	4	7	3	0.0027263164520264
16	2	1	8	7	3	0.0026222944259644
16	2	2	1	7	3	0.0027359008789063
16	2	2	2	7	3	0.0035984992980957
16	2	2	4	7	3	0.0051849842071533
16	2	2	8	7	3	0.0051352024078369
16	2	4	1	7	3	0.0073622226715088
16	2	4	2	7	3	0.0049400091171265
16	2	4	4	7	3	0.0052708148956299
16	2	4	8	7	3	0.0027792930603027
16	4	1	1	7	3	0.0025413990020752
16	4	1	2	7	3	0.0027124166488647
16	4	1	4	7	3	0.002585506439209
16	4	1	8	7	3	0.0045094013214111
16	4	2	1	7	3	0.0025895118713379
16	4	2	2	7	3	0.0026253938674927
16	4	2	4	7	3	0.0032199859619141
16	4	2	8	7	3	0.0047577142715454
16	4	4	1	7	3	0.0052299022674561
16	4	4	2	7	3	0.0051549911499023
16	4	4	4	7	3	0.0060365915298462
16	4	4	8	7	3	0.0022274971008301
20	1	1	1	7	3	0.0068271160125732
20	1	1	2	7	3	0.0048063993453979
20	1	1	4	7	3	0.0023177862167358
20	1	1	8	7	3	0.0024964094161987
20	1	2	1	7	3	0.0026218175888062
20	1	2	2	7	3	0.0060832977294922
20	1	2	4	7	3	0.0028317928314209
20	1	2	8	7	3	0.0050770044326782
20	1	4	1	7	3	0.0035092830657959
20	1	4	2	7	3	0.0060508012771606
20	1	4	4	7	3	0.0034548044204712
20	1	4	8	7	3	0.0023386001586914
20	2	1	1	7	3	0.0053387880325317
20	2	1	2	7	3	0.0029553890228271
20	2	1	4	7	3	0.0038735866546631
20	2	1	8	7	3	0.002379322052002
20	2	2	1	7	3	0.0028549909591675
20	2	2	2	7	3	0.0047357082366943
20	2	2	4	7	3	0.0026214122772217
20	2	2	8	7	3	0.0022652149200439
20	2	4	1	7	3	0.0027038097381592
20	2	4	2	7	3	0.0023873090744019
20	2	4	4	7	3	0.002325701713562
20	2	4	8	7	3	0.0023737192153931
20	4	1	1	7	3	0.0031919002532959
20	4	1	2	7	3	0.0054224014282227
20	4	1	4	7	3	0.0044884920120239
20	4	1	8	7	3	0.0053601026535034
20	4	2	1	7	3	0.0063689947128296
20	4	2	2	7	3	0.0063117980957031
20	4	2	4	7	3	0.0033329963684082
20	4	2	8	7	3	0.0036019086837769
20	4	4	1	7	3	0.0028425931930542
20	4	4	2	7	3	0.0031693935394287
20	4	4	4	7	3	0.004719614982605
20	4	4	8	7	3	0.0024616003036499
32	1	1	1	7	3	0.0025450944900513
32	1	1	2	7	3	0.0026172876358032
32	1	1	4	7	3	0.0025503873825073
32	1	1	8	7	3	0.0026574850082397
32	1	2	1	7	3	0.0027131080627441
32	1	2	2	7	3	0.0038366794586182
32	1	2	4	7	3	0.0058130979537964
32	1	2	8	7	3	0.0079009056091309
32	1	4	1	7	3	0.0071146011352539
32	1	4	2	7	3	0.0053667068481445
32	1	4	4	7	3	0.0058506011962891
32	1	4	8	7	3	0.0029502153396606
32	2	1	1	7	3	0.0058180093765259
32	2	1	2	7	3	0.0049003124237061
32	2	1	4	7	3	0.0026443958282471
32	2	1	8	7	3	0.0056702852249146
32	2	2	1	7	3	0.0054457187652588
32	2	2	2	7	3	0.0053608894348145
32	2	2	4	7	3	0.0062461137771606
32	2	2	8	7	3	0.0040861129760742
32	2	4	1	7	3	0.0044434070587158
32	2	4	2	7	3	0.0025307178497314
32	2	4	4	7	3	0.0037353992462158
32	2	4	8	7	3	0.00503249168396
32	4	1	1	7	3	0.0059145927429199
32	4	1	2	7	3	0.0047502994537354
32	4	1	4	7	3	0.0074864149093628
32	4	1	8	7	3	0.0053263187408447
32	4	2	1	7	3	0.003482985496521
32	4	2	2	7	3	0.0028703927993774
32	4	2	4	7	3	0.0061995983123779
32	4	2	8	7	3	0.0050754070281982
32	4	4	1	7	3	0.0069262981414795
32	4	4	2	7	3	0.0069823026657104
32	4	4	4	7	3	0.0052680015563965
32	4	4	8	7	3	0.0078206062316895
16	1	1	1	13	3	0.018947601318359
16	1	1	2	13	3	0.012330484390259
16	1	1	4	13	3	0.0099437952041626
16	1	1	8	13	3	0.012753009796143
16	1	2	1	13	3	0.010653185844421
16	1	2	2	13	3	0.015067100524902
16	1	2	4	13	3	0.018849802017212
16	1	2	8	13	3	0.014040017127991
16	1	4	1	13	3	0.015038084983826
16	1	4	2	13	3	0.01085889339447
16	1	4	4	13	3	0.0089174032211304
16	1	4	8	13	3	0.0086226940155029
16	2	1	1	13	3	0.0082750082015991
16	2	1	2	13	3	0.0082750797271729
16	2	1	4	13	3	0.0081818819046021
16	2	1	8	13	3	0.0084720134735107
16	2	2	1	13	3	0.0079413890838623
16	2	2	2	13	3	0.008408784866333
16	2	2	4	13	3	0.0083827972412109
16	2	2	8	13	3	0.0093622207641602
16	2	4	1	13	3	0.0083268165588379
16	2	4	2	13	3	0.016795706748962
16	2	4	4	13	3	0.015315699577332
16	2	4	8	13	3	0.017124080657959
16	4	1	1	13	3	0.01461820602417
16	4	1	2	13	3	0.0099564790725708
16	4	1	4	13	3	0.0084701061248779
16	4	1	8	13	3	0.0086239099502563
16	4	2	1	13	3	0.012579202651978
16	4	2	2	13	3	0.011332988739014
16	4	2	4	13	3	0.011309599876404
16	4	2	8	13	3	0.010176396369934
16	4	4	1	13	3	0.0084922790527344
16	4	4	2	13	3	0.012056803703308
16	4	4	4	13	3	0.013830590248108
16	4	4	8	13	3	0.014794301986694
20	1	1	1	13	3	0.015542507171631
20	1	1	2	13	3	0.010725212097168
20	1	1	4	13	3	0.0098055124282837
20	1	1	8	13	3	0.012338185310364
20	1	2	1	13	3	0.0079566955566406
20	1	2	2	13	3	0.0075433015823364
20	1	2	4	13	3	0.0077965974807739
20	1	2	8	13	3	0.013421988487244
20	1	4	1	13	3	0.013310122489929
20	1	4	2	13	3	0.014178204536438
20	1	4	4	13	3	0.0083679914474487
20	1	4	8	13	3	0.0076677083969116
20	2	1	1	13	3	0.010864090919495
20	2	1	2	13	3	0.0091662883758545
20	2	1	4	13	3	0.012555480003357
20	2	1	8	13	3	0.011718082427979
20	2	2	1	13	3	0.01448929309845
20	2	2	2	13	3	0.011475110054016
20	2	2	4	13	3	0.008585000038147
20	2	2	8	13	3	0.012356090545654
20	2	4	1	13	3	0.011691308021545
20	2	4	2	13	3	0.014615988731384
20	2	4	4	13	3	0.012771487236023
20	2	4	8	13	3	0.013056492805481
20	4	1	1	13	3	0.0084975957870483
20	4	1	2	13	3	0.011624217033386
20	4	1	4	13	3	0.0077554941177368
20	4	1	8	13	3	0.0076911926269531
20	4	2	1	13	3	0.0074689865112305
20	4	2	2	13	3	0.010390496253967
20	4	2	4	13	3	0.0145103931427
20	4	2	8	13	3	0.014803600311279
20	4	4	1	13	3	0.013205289840698
20	4	4	2	13	3	0.010319185256958
20	4	4	4	13	3	0.011986398696899
20	4	4	8	13	3	0.0081690073013306
32	1	1	1	13	3	0.0083976030349731
32	1	1	2	13	3	0.0085661888122559
32	1	1	4	13	3	0.015194702148437
32	1	1	8	13	3	0.014767003059387
32	1	2	1	13	3	0.014955997467041
32	1	2	2	13	3	0.0157301902771
32	1	2	4	13	3	0.015954184532166
32	1	2	8	13	3	0.017119598388672
32	1	4	1	13	3	0.014529895782471
32	1	4	2	13	3	0.0076024055480957
32	1	4	4	13	3	0.00866858959198
32	1	4	8	13	3	0.014251112937927
32	2	1	1	13	3	0.015744519233704
32	2	1	2	13	3	0.014531993865967
32	2	1	4	13	3	0.012911605834961
32	2	1	8	13	3	0.014023089408875
32	2	2	1	13	3	0.014226198196411
32	2	2	2	13	3	0.016480183601379
32	2	2	4	13	3	0.014043688774109
32	2	2	8	13	3	0.015410399436951
32	2	4	1	13	3	0.0093593835830688
32	2	4	2	13	3	0.0082962036132813
32	2	4	4	13	3	0.014059495925903
32	2	4	8	13	3	0.015844392776489
32	4	1	1	13	3	0.014419794082642
32	4	1	2	13	3	0.014030194282532
32	4	1	4	13	3	0.01577091217041
32	4	1	8	13	3	0.010479497909546
32	4	2	1	13	3	0.0083529949188232
32	4	2	2	13	3	0.0082370042800903
32	4	2	4	13	3	0.0081686019897461
32	4	2	8	13	3	0.0080013036727905
32	4	4	1	13	3	0.007938814163208
32	4	4	2	13	3	0.014694905281067
32	4	4	4	13	3	0.016185903549194
32	4	4	8	13	3	0.015404009819031
16	1	1	1	3	15	0.0028666019439697
16	1	1	2	3	15	0.0024227857589722
16	1	1	4	3	15	0.0033168077468872
16	1	1	8	3	15	0.0050252199172974
16	1	2	1	3	15	0.0033102035522461
16	1	2	2	3	15	0.0032797813415527
16	1	2	4	3	15	0.0045619010925293
16	1	2	8	3	15	0.004466700553894
16	1	4	1	3	15	0.0037917852401733
16	1	4	2	3	15	0.002445387840271
16	1	4	4	3	15	0.0026477098464966
16	1	4	8	3	15	0.0038053035736084
16	2	1	1	3	15	0.0024485111236572
16	2	1	2	3	15	0.005091404914856
16	2	1	4	3	15	0.0079100131988525
16	2	1	8	3	15	0.0052002906799316
16	2	2	1	3	15	0.0059112071990967
16	2	2	2	3	15	0.0034795999526978
16	2	2	4	3	15	0.0033062934875488
16	2	2	8	3	15	0.0023946046829224
16	2	4	1	3	15	0.0051094055175781
16	2	4	2	3	15	0.0043387174606323
16	2	4	4	3	15	0.0023427963256836
16	2	4	8	3	15	0.0024616003036499
16	4	1	1	3	15	0.0024163007736206
16	4	1	2	3	15	0.0029403924942017
16	4	1	4	3	15	0.0024990081787109
16	4	1	8	3	15	0.0029642105102539
16	4	2	1	3	15	0.0058237075805664
16	4	2	2	3	15	0.0066313982009888
16	4	2	4	3	15	0.0053241968154907
16	4	2	8	3	15	0.0066160917282104
16	4	4	1	3	15	0.005120587348938
16	4	4	2	3	15	0.0063057899475098
16	4	4	4	3	15	0.0069582939147949
16	4	4	8	3	15	0.0058603048324585
20	1	1	1	3	15	0.0062193870544434
20	1	1	2	3	15	0.0038919925689697
20	1	1	4	3	15	0.0021623849868774
20	1	1	8	3	15	0.0039857864379883
20	1	2	1	3	15	0.0029353857040405
20	1	2	2	3	15	0.0021551847457886
20	1	2	4	3	15	0.0022984027862549
20	1	2	8	3	15	0.0022857904434204
20	1	4	1	3	15	0.002199912071228
20	1	4	2	3	15	0.0021885871887207
20	1	4	4	3	15	0.0029409170150757
20	1	4	8	3	15	0.004104208946228
20	2	1	1	3	15	0.0023309946060181
20	2	1	2	3	15	0.002357816696167
20	2	1	4	3	15	0.0022452116012573
20	2	1	8	3	15	0.0022714138031006
20	2	2	1	3	15	0.0031682014465332
20	2	2	2	3	15	0.0023023128509521
20	2	2	4	3	15	0.0026591062545776
20	2	2	8	3	15	0.0039577960968018
20	2	4	1	3	15	0.0023107051849365
20	2	4	2	3	15	0.0022794008255005
20	2	4	4	3	15	0.0065107822418213
20	2	4	8	3	15	0.004930305480957
20	4	1	1	3	15	0.004633903503418
20	4	1	2	3	15	0.0053783893585205
20	4	1	4	3	15	0.0038280010223389
20	4	1	8	3	15	0.0036310911178589
20	4	2	1	3	15	0.0064558982849121
20	4	2	2	3	15	0.0053056955337524
20	4	2	4	3	15	0.0038944005966187
20	4	2	8	3	15	0.0021724939346313
20	4	4	1	3	15	0.0032166004180908
20	4	4	2	3	15	0.0051733016967773
20	4	4	4	3	15	0.0057677030563354
20	4	4	8	3	15	0.006121301651001
32	1	1	1	3	15	0.0058300971984863
32	1	1	2	3	15	0.0020565986633301
32	1	1	4	3	15	0.0059631109237671
32	1	1	8	3	15	0.005472207069397
32	1	2	1	3	15	0.0064494132995605
32	1	2	2	3	15	0.004839015007019
32	1	2	4	3	15	0.0056884050369263
32	1	2	8	3	15	0.0053377151489258
32	1	4	1	3	15	0.0044307231903076
32	1	4	2	3	15	0.0026704072952271
32	1	4	4	3	15	0.0025485992431641
32	1	4	8	3	15	0.0024179935455322
32	2	1	1	3	15	0.0040521144866943
32	2	1	2	3	15	0.0051337003707886
32	2	1	4	3	15	0.0064281940460205
32	2	1	8	3	15	0.0053851842880249
32	2	2	1	3	15	0.0073354959487915
32	2	2	2	3	15	0.0062662839889526
32	2	2	4	3	15	0.0067612886428833
32	2	2	8	3	15	0.0050390005111694
32	2	4	1	3	15	0.0025519132614136
32	2	4	2	3	15	0.0027344942092896
32	2	4	4	3	15	0.0050003051757812
32	2	4	8	3	15	0.0026638984680176
32	4	1	1	3	15	0.0026288986206055
32	4	1	2	3	15	0.0055145025253296
32	4	1	4	3	15	0.0070096969604492
32	4	1	8	3	15	0.0054718971252441
32	4	2	1	3	15	0.0035268068313599
32	4	2	2	3	15	0.002495002746582
32	4	2	4	3	15	0.0059075117111206
32	4	2	8	3	15	0.0046727895736694
32	4	4	1	3	15	0.0049728870391846
32	4	4	2	3	15	0.0024976968765259
32	4	4	4	3	15	0.0025768041610718
32	4	4	8	3	15	0.002662205696106
16	1	1	1	7	15	0.0072372913360596
16	1	1	2	7	15	0.0072656869888306
16	1	1	4	7	15	0.010078501701355
16	1	1	8	7	15	0.012474393844604
16	1	2	1	7	15	0.013414907455444
16	1	2	2	7	15	0.012902188301086
16	1	2	4	7	15	0.0089286088943481
16	1	2	8	7	15	0.0097717046737671
16	1	4	1	7	15	0.0080159187316895
16	1	4	2	7	15	0.0091046094894409
16	1	4	4	7	15	0.0068780899047852
16	1	4	8	7	15	0.0076246023178101
16	2	1	1	7	15	0.0075298070907593
16	2	1	2	7	15	0.0091030836105347
16	2	1	4	7	15	0.011823606491089
16	2	1	8	7	15	0.0091521978378296
16	2	2	1	7	15	0.012345409393311
16	2	2	2	7	15	0.009904408454895
16	2	2	4	7	15	0.013323402404785
16	2	2	8	7	15	0.010033202171326
16	2	4	1	7	15	0.011655402183533
16	2	4	2	7	15	0.0084798097610474
16	2	4	4	7	15	0.007417106628418
16	2	4	8	7	15	0.0085054159164429
16	4	1	1	7	15	0.01204822063446
16	4	1	2	7	15	0.0086416959762573
16	4	1	4	7	15	0.0066874027252197
16	4	1	8	7	15	0.012161421775818
16	4	2	1	7	15	0.013130617141724
16	4	2	2	7	15	0.012518000602722
16	4	2	4	7	15	0.013422107696533
16	4	2	8	7	15	0.011609387397766
16	4	4	1	7	15	0.010865998268127
16	4	4	2	7	15	0.013134002685547
16	4	4	4	7	15	0.012537312507629
16	4	4	8	7	15	0.013544988632202
20	1	1	1	7	15	0.0085165023803711
20	1	1	2	7	15	0.0091569900512695
20	1	1	4	7	15	0.0067757129669189
20	1	1	8	7	15	0.0059701204299927
20	1	2	1	7	15	0.010817193984985
20	1	2	2	7	15	0.0066864967346191
20	1	2	4	7	15	0.011404299736023
20	1	2	8	7	15	0.0063694000244141
20	1	4	1	7	15	0.0063063859939575
20	1	4	2	7	15	0.012225413322449
20	1	4	4	7	15	0.012964701652527
20	1	4	8	7	15	0.010428595542908
20	2	1	1	7	15	0.0071652889251709
20	2	1	2	7	15	0.0092452049255371
20	2	1	4	7	15	0.0065118789672852
20	2	1	8	7	15	0.0059178113937378
20	2	2	1	7	15	0.012400102615356
20	2	2	2	7	15	0.012467288970947
20	2	2	4	7	15	0.011676716804504
20	2	2	8	7	15	0.0072538137435913
20	2	4	1	7	15	0.0064992904663086
20	2	4	2	7	15	0.01252338886261
20	2	4	4	7	15	0.012975311279297
20	2	4	8	7	15	0.013275289535522
20	4	1	1	7	15	0.011962008476257
20	4	1	2	7	15	0.011185693740845
20	4	1	4	7	15	0.0074125051498413
20	4	1	8	7	15	0.0060822010040283
20	4	2	1	7	15	0.011362814903259
20	4	2	2	7	15	0.0085144996643066
20	4	2	4	7	15	0.0070823907852173
20	4	2	8	7	15	0.0066774129867554
20	4	4	1	7	15	0.0071342945098877
20	4	4	2	7	15	0.01185929775238
20	4	4	4	7	15	0.01225950717926
20	4	4	8	7	15	0.012069010734558
32	1	1	1	7	15	0.015844798088074
32	1	1	2	7	15	0.011823010444641
32	1	1	4	7	15	0.0067519903182983
32	1	1	8	7	15	0.012027311325073
32	1	2	1	7	15	0.0092206001281738
32	1	2	2	7	15	0.0069165945053101
32	1	2	4	7	15	0.0079173803329468
32	1	2	8	7	15	0.0089788913726807
32	1	4	1	7	15	0.009591817855835
32	1	4	2	7	15	0.01120491027832
32	1	4	4	7	15	0.013170289993286
32	1	4	8	7	15	0.0096023797988892
32	2	1	1	7	15	0.0098598003387451
32	2	1	2	7	15	0.014422082901001
32	2	1	4	7	15	0.017719912528992
32	2	1	8	7	15	0.014947915077209
32	2	2	1	7	15	0.013643717765808
32	2	2	2	7	15	0.0097586154937744
32	2	2	4	7	15	0.01132378578186
32	2	2	8	7	15	0.0099735975265503
32	2	4	1	7	15	0.0068117141723633
32	2	4	2	7	15	0.011319804191589
32	2	4	4	7	15	0.014145398139954
32	2	4	8	7	15	0.0095649003982544
32	4	1	1	7	15	0.01091320514679
32	4	1	2	7	15	0.013729190826416
32	4	1	4	7	15	0.0078274011611938
32	4	1	8	7	15	0.01135950088501
32	4	2	1	7	15	0.0091730117797852
32	4	2	2	7	15	0.013153409957886
32	4	2	4	7	15	0.0082556962966919
32	4	2	8	7	15	0.0089334011077881
32	4	4	1	7	15	0.012109994888306
32	4	4	2	7	15	0.010016894340515
32	4	4	4	7	15	0.014795804023743
32	4	4	8	7	15	0.010959792137146
16	1	1	1	13	15	0.026059889793396
16	1	1	2	13	15	0.025734496116638
16	1	1	4	13	15	0.025764608383179
16	1	1	8	13	15	0.023345398902893
16	1	2	1	13	15	0.028459596633911
16	1	2	2	13	15	0.025022387504578
16	1	2	4	13	15	0.026668906211853
16	1	2	8	13	15	0.023587799072266
16	1	4	1	13	15	0.020987915992737
16	1	4	2	13	15	0.02721209526062
16	1	4	4	13	15	0.022986793518066
16	1	4	8	13	15	0.024029803276062
16	2	1	1	13	15	0.025146913528442
16	2	1	2	13	15	0.027344799041748
16	2	1	4	13	15	0.024913311004639
16	2	1	8	13	15	0.028857803344727
16	2	2	1	13	15	0.022442507743835
16	2	2	2	13	15	0.024241495132446
16	2	2	4	13	15	0.029201793670654
16	2	2	8	13	15	0.02986421585083
16	2	4	1	13	15	0.025485301017761
16	2	4	2	13	15	0.025901508331299
16	2	4	4	13	15	0.025001311302185
16	2	4	8	13	15	0.023265194892883
16	4	1	1	13	15	0.025344610214233
16	4	1	2	13	15	0.027809000015259
16	4	1	4	13	15	0.027900290489197
16	4	1	8	13	15	0.024022698402405
16	4	2	1	13	15	0.025302696228027
16	4	2	2	13	15	0.023563694953918
16	4	2	4	13	15	0.02571759223938
16	4	2	8	13	15	0.03110830783844
16	4	4	1	13	15	0.028940796852112
16	4	4	2	13	15	0.026301598548889
16	4	4	4	13	15	0.023543405532837
16	4	4	8	13	15	0.028281807899475
20	1	1	1	13	15	0.021216487884521
20	1	1	2	13	15	0.019070601463318
20	1	1	4	13	15	0.02004120349884
20	1	1	8	13	15	0.019543194770813
20	1	2	1	13	15	0.024214696884155
20	1	2	2	13	15	0.02563648223877
20	1	2	4	13	15	0.025287795066833
20	1	2	8	13	15	0.025254797935486
20	1	4	1	13	15	0.025305509567261
20	1	4	2	13	15	0.023186421394348
20	1	4	4	13	15	0.02168071269989
20	1	4	8	13	15	0.021637392044067
20	2	1	1	13	15	0.021384215354919
20	2	1	2	13	15	0.023933887481689
20	2	1	4	13	15	0.023920297622681
20	2	1	8	13	15	0.024065399169922
20	2	2	1	13	15	0.024356698989868
20	2	2	2	13	15	0.023132109642029
20	2	2	4	13	15	0.022958493232727
20	2	2	8	13	15	0.026496505737305
20	2	4	1	13	15	0.023003482818604
20	2	4	2	13	15	0.025101494789124
20	2	4	4	13	15	0.022371411323547
20	2	4	8	13	15	0.025091099739075
20	4	1	1	13	15	0.029556488990784
20	4	1	2	13	15	0.03112530708313
20	4	1	4	13	15	0.027336812019348
20	4	1	8	13	15	0.022784996032715
20	4	2	1	13	15	0.024984002113342
20	4	2	2	13	15	0.022245383262634
20	4	2	4	13	15	0.022071099281311
20	4	2	8	13	15	0.024013590812683
20	4	4	1	13	15	0.025269293785095
20	4	4	2	13	15	0.024816393852234
20	4	4	4	13	15	0.024157786369324
20	4	4	8	13	15	0.026963400840759
32	1	1	1	13	15	0.027092218399048
32	1	1	2	13	15	0.021411299705505
32	1	1	4	13	15	0.023989605903625
32	1	1	8	13	15	0.026438283920288
32	1	2	1	13	15	0.023045301437378
32	1	2	2	13	15	0.020657014846802
32	1	2	4	13	15	0.024598407745361
32	1	2	8	13	15	0.026644015312195
32	1	4	1	13	15	0.030142712593079
32	1	4	2	13	15	0.023721385002136
32	1	4	4	13	15	0.031985807418823
32	1	4	8	13	15	0.029449391365051
32	2	1	1	13	15	0.026271414756775
32	2	1	2	13	15	0.026317811012268
32	2	1	4	13	15	0.024866008758545
32	2	1	8	13	15	0.02517352104187
32	2	2	1	13	15	0.025405406951904
32	2	2	2	13	15	0.024816513061523
32	2	2	4	13	15	0.025910305976868
32	2	2	8	13	15	0.025019502639771
32	2	4	1	13	15	0.025805306434631
32	2	4	2	13	15	0.02772068977356
32	2	4	4	13	15	0.024827098846436
32	2	4	8	13	15	0.029183602333069
32	4	1	1	13	15	0.02741870880127
32	4	1	2	13	15	0.026170110702515
32	4	1	4	13	15	0.028893303871155
32	4	1	8	13	15	0.024322199821472
32	4	2	1	13	15	0.029242897033691
32	4	2	2	13	15	0.030252695083618
32	4	2	4	13	15	0.024975514411926
32	4	2	8	13	15	0.022963905334473
32	4	4	1	13	15	0.024431300163269
32	4	4	2	13	15	0.024745893478394
32	4	4	4	13	15	0.031305503845215
32	4	4	8	13	15	0.022302389144897
